Time(1)	DrainI(1)	DrainV(1)	Time(1)	SourceI(1)	SourceV(1)	GateI(1)	GateV(1)	Time(2)	DrainI(2)	DrainV(2)	Time(2)	SourceI(2)	SourceV(2)	GateI(2)	GateV(2)	Time(3)	DrainI(3)	DrainV(3)	Time(3)	SourceI(3)	SourceV(3)	GateI(3)	GateV(3)	Time(4)	DrainI(4)	DrainV(4)	Time(4)	SourceI(4)	SourceV(4)	GateI(4)	GateV(4)
314.5876E-3	-2.1998E-6	000.0000E-3	314.5962E-3	2.1960E-6	74.3503E-6	133.9472E-9	25.0000E+0	4.0614E+0	118.9725E-9	000.0000E-3	4.0615E+0	-235.9104E-9	-41.0434E-6	275.2818E-9	30.0000E+0	8.2395E+0	38.2281E-9	000.0000E-3	8.2397E+0	-42.3146E-9	19.6652E-6	96.4584E-9	25.0000E+0								
464.3605E-3	32.1306E-6	50.0000E-3	464.3624E-3	-32.1357E-6	-15.9578E-6	131.4712E-9	25.0000E+0	4.3503E+0	35.2817E-6	50.0000E-3	4.3503E+0	-35.4105E-6	34.2134E-6	298.2226E-9	30.0000E+0																
605.4758E-3	64.3782E-6	100.0000E-3	605.4911E-3	-64.4021E-6	-10.9407E-6	134.4944E-9	25.0000E+0	4.4913E+0	70.8009E-6	100.0000E-3	4.4914E+0	-70.9528E-6	14.1448E-6	275.0117E-9	30.0000E+0																
618.6427E-3	96.5877E-6	150.0000E-3	618.6427E-3	-96.6184E-6	14.1448E-6	134.2119E-9	25.0000E+0	4.5045E+0	106.1475E-6	150.0000E-3	4.5046E+0	-106.2894E-6	24.1791E-6	267.9423E-9	30.0000E+0																
631.8460E-3	128.6914E-6	200.0000E-3	631.8564E-3	-128.7213E-6	-10.9407E-6	136.4920E-9	25.0000E+0	4.5177E+0	141.5167E-6	200.0000E-3	4.5178E+0	-141.6664E-6	39.2305E-6	310.7352E-9	30.0000E+0																
645.1435E-3	160.6260E-6	250.0000E-3	645.1483E-3	-160.6552E-6	14.1448E-6	89.0039E-9	25.0000E+0	4.5310E+0	176.3841E-6	250.0000E-3	4.5310E+0	-176.5288E-6	19.1620E-6	271.2658E-9	30.0000E+0																
658.3400E-3	192.5355E-6	300.0000E-3	658.3495E-3	-192.5487E-6	24.1791E-6	129.3641E-9	25.0000E+0	4.5442E+0	211.2439E-6	300.0000E-3	4.5443E+0	-211.3962E-6	14.1448E-6	244.3777E-9	30.0000E+0																
671.6127E-3	224.1625E-6	350.0000E-3	671.6280E-3	-224.1899E-6	4.1106E-6	149.5289E-9	25.0000E+0	4.5574E+0	245.9676E-6	350.0000E-3	4.5575E+0	-246.1173E-6	19.1620E-6	268.7592E-9	30.0000E+0																
684.8350E-3	255.5323E-6	400.0000E-3	684.8474E-3	-255.5587E-6	-906.4679E-9	128.3589E-9	25.0000E+0	4.5707E+0	280.3508E-6	400.0000E-3	4.5708E+0	-280.4853E-6	4.1106E-6	263.9470E-9	30.0000E+0																
698.0867E-3	286.6273E-6	450.0000E-3	698.0982E-3	-286.6526E-6	-15.9578E-6	136.3164E-9	25.0000E+0	4.5839E+0	314.2120E-6	450.0000E-3	4.5840E+0	-314.3437E-6	14.1448E-6	298.9478E-9	30.0000E+0																
711.3271E-3	317.4776E-6	500.0000E-3	711.3385E-3	-317.5093E-6	24.1791E-6	93.2588E-9	25.0000E+0	4.5972E+0	347.5689E-6	500.0000E-3	4.5973E+0	-347.7203E-6	-5.9236E-6	263.8580E-9	30.0000E+0																
724.5503E-3	347.6345E-6	550.0000E-3	724.5608E-3	-347.6497E-6	9.1277E-6	126.3485E-9	25.0000E+0	4.6104E+0	380.4794E-6	550.0000E-3	4.6105E+0	-380.6279E-6	-5.9236E-6	226.5032E-9	30.0000E+0																
737.8402E-3	377.4787E-6	600.0000E-3	737.8459E-3	-377.5076E-6	19.1620E-6	159.7003E-9	25.0000E+0	4.6237E+0	412.8882E-6	600.0000E-3	4.6238E+0	-413.0182E-6	14.1448E-6	261.0842E-9	30.0000E+0																
751.0481E-3	406.4125E-6	650.0000E-3	751.0596E-3	-406.4322E-6	-25.9921E-6	124.2695E-9	25.0000E+0	4.6369E+0	444.6993E-6	650.0000E-3	4.6370E+0	-444.8638E-6	-10.9407E-6	258.4783E-9	30.0000E+0																
764.3466E-3	435.3136E-6	700.0000E-3	764.3647E-3	-435.3417E-6	-10.9407E-6	132.9192E-9	25.0000E+0	4.6501E+0	475.8875E-6	700.0000E-3	4.6502E+0	-476.0233E-6	-41.0434E-6	282.8089E-9	30.0000E+0																
777.5736E-3	463.8667E-6	750.0000E-3	777.5851E-3	-463.8930E-6	-906.4679E-9	100.9797E-9	25.0000E+0	4.7915E+0	506.1316E-6	750.0000E-3	4.7916E+0	-506.5328E-6	19.1620E-6	245.2684E-9	30.0000E+0																
790.8350E-3	491.5170E-6	800.0000E-3	790.8445E-3	-491.5614E-6	-25.9921E-6	122.8469E-9	25.0000E+0	4.8046E+0	535.8303E-6	800.0000E-3	4.8047E+0	-536.1410E-6	-5.9236E-6	248.7394E-9	30.0000E+0																
932.1380E-3	517.8800E-6	850.0000E-3	932.1590E-3	-518.3105E-6	14.1448E-6	132.1201E-9	25.0000E+0	4.8178E+0	565.1257E-6	850.0000E-3	4.8179E+0	-565.4971E-6	-15.9578E-6	289.6060E-9	30.0000E+0																
945.2402E-3	545.1333E-6	900.0000E-3	945.2545E-3	-545.3716E-6	-15.9578E-6	87.5305E-9	25.0000E+0	4.8311E+0	593.7403E-6	900.0000E-3	4.8312E+0	-593.9956E-6	-15.9578E-6	246.3804E-9	30.0000E+0																
958.5101E-3	570.9999E-6	950.0000E-3	958.5320E-3	-571.3481E-6	-10.9407E-6	129.5600E-9	25.0000E+0	4.8443E+0	621.4726E-6	950.0000E-3	4.8444E+0	-621.8133E-6	-10.9407E-6	232.4656E-9	30.0000E+0																
971.7276E-3	596.2363E-6	1.0000E+0	971.7409E-3	-596.5176E-6	29.1962E-6	139.9860E-9	25.0000E+0	4.8576E+0	648.4485E-6	1.0000E+0	4.8576E+0	-648.8995E-6	4.1106E-6	247.3856E-9	30.0000E+0																
984.9870E-3	620.8171E-6	1.0500E+0	985.0013E-3	-621.0819E-6	29.1962E-6	132.0158E-9	25.0000E+0	4.8708E+0	675.0464E-6	1.0500E+0	4.8708E+0	-675.3805E-6	9.1277E-6	242.3571E-9	30.0000E+0																
998.1939E-3	644.9946E-6	1.1000E+0	998.2111E-3	-645.2678E-6	-5.9236E-6	135.7311E-9	25.0000E+0	4.8840E+0	700.3079E-6	1.1000E+0	4.8841E+0	-700.6508E-6	19.1620E-6	282.6129E-9	30.0000E+0																
1.0114E+0	668.3906E-6	1.1500E+0	1.0114E+0	-668.6467E-6	-906.4679E-9	89.0370E-9	25.0000E+0	4.8972E+0	725.3174E-6	1.1500E+0	4.8973E+0	-725.5429E-6	24.1791E-6	243.1511E-9	30.0000E+0																
1.0247E+0	691.0554E-6	1.2000E+0	1.0247E+0	-691.2690E-6	-10.9407E-6	127.8550E-9	25.0000E+0	4.9105E+0	749.0915E-6	1.2000E+0	4.9106E+0	-749.5271E-6	19.1620E-6	212.4942E-9	30.0000E+0																
1.0379E+0	713.3925E-6	1.2500E+0	1.0379E+0	-713.6643E-6	-10.9407E-6	152.7175E-9	25.0000E+0	4.9237E+0	772.7647E-6	1.2500E+0	4.9238E+0	-773.1078E-6	14.1448E-6	244.2454E-9	30.0000E+0																
1.0511E+0	735.0488E-6	1.3000E+0	1.0512E+0	-735.4796E-6	-20.9749E-6	126.5267E-9	25.0000E+0	4.9370E+0	795.5556E-6	1.3000E+0	4.9370E+0	-795.9066E-6	-15.9578E-6	237.6341E-9	30.0000E+0																
1.0644E+0	756.3271E-6	1.3500E+0	1.0644E+0	-756.5382E-6	34.2134E-6	134.5351E-9	25.0000E+0	4.9502E+0	817.6406E-6	1.3500E+0	4.9503E+0	-817.9236E-6	-906.4679E-9	270.6067E-9	30.0000E+0																
1.0776E+0	776.6725E-6	1.4000E+0	1.0777E+0	-776.7898E-6	14.1448E-6	93.7907E-9	25.0000E+0	4.9634E+0	838.5155E-6	1.4000E+0	4.9635E+0	-838.8057E-6	49.2647E-6	242.1103E-9	30.0000E+0																
1.0908E+0	796.3876E-6	1.4500E+0	1.0909E+0	-796.6380E-6	-20.9749E-6	124.7173E-9	25.0000E+0	4.9767E+0	859.7937E-6	1.4500E+0	4.9768E+0	-860.1671E-6	4.1106E-6	200.5007E-9	30.0000E+0																
1.1041E+0	815.8506E-6	1.5000E+0	1.1041E+0	-816.1078E-6	-10.9407E-6	161.0465E-9	25.0000E+0	4.9899E+0	880.1390E-6	1.5000E+0	4.9900E+0	-880.5448E-6	24.1791E-6	241.7769E-9	30.0000E+0																
1.1173E+0	834.6581E-6	1.5500E+0	1.1173E+0	-834.8715E-6	-10.9407E-6	122.8444E-9	25.0000E+0	5.0032E+0	899.8290E-6	1.5500E+0	5.0033E+0	-900.0651E-6	-15.9578E-6	238.9344E-9	30.0000E+0																
1.1305E+0	852.4825E-6	1.6000E+0	1.1305E+0	-852.7524E-6	14.1448E-6	128.4734E-9	25.0000E+0	5.0164E+0	918.3088E-6	1.6000E+0	5.0165E+0	-918.6017E-6	9.1277E-6	254.6739E-9	30.0000E+0																
1.1438E+0	870.2815E-6	1.6500E+0	1.1438E+0	-870.5829E-6	-20.9749E-6	104.9444E-9	25.0000E+0	5.0296E+0	936.6625E-6	1.6500E+0	5.0297E+0	-937.0123E-6	14.1448E-6	242.7414E-9	30.0000E+0																
1.1570E+0	887.1730E-6	1.7000E+0	1.1570E+0	-887.4046E-6	-25.9921E-6	120.3836E-9	25.0000E+0	5.0429E+0	954.3355E-6	1.7000E+0	5.0430E+0	-954.7167E-6	-20.9749E-6	195.2585E-9	30.0000E+0																
1.1703E+0	903.9384E-6	1.7500E+0	1.1703E+0	-904.2011E-6	24.1791E-6	163.5175E-9	25.0000E+0	5.0561E+0	971.4034E-6	1.7500E+0	5.0562E+0	-971.7402E-6	-15.9578E-6	235.1656E-9	30.0000E+0																
1.1835E+0	919.9475E-6	1.8000E+0	1.1835E+0	-920.1905E-6	19.1620E-6	121.5898E-9	25.0000E+0	5.0694E+0	988.3705E-6	1.8000E+0	5.0695E+0	-988.7636E-6	34.2134E-6	244.7085E-9	30.0000E+0																
1.1968E+0	935.5532E-6	1.8500E+0	1.1968E+0	-935.8269E-6	29.1962E-6	118.3172E-9	25.0000E+0	5.0826E+0	1.0048E-3	1.8500E+0	5.0827E+0	-1.0051E-3	24.1791E-6	241.3672E-9	30.0000E+0																
1.2100E+0	950.8059E-6	1.9000E+0	1.2100E+0	-951.0093E-6	-20.9749E-6	116.5944E-9	25.0000E+0	5.0959E+0	1.0204E-3	1.9000E+0	5.0960E+0	-1.0207E-3	4.1106E-6	241.4487E-9	30.0000E+0																
1.2232E+0	965.5292E-6	1.9500E+0	1.2233E+0	-965.8891E-6	-15.9578E-6	116.6377E-9	25.0000E+0	5.1091E+0	1.0357E-3	1.9500E+0	5.1092E+0	-1.0360E-3	19.1620E-6	193.5662E-9	30.0000E+0																
1.2365E+0	979.7232E-6	2.0000E+0	1.2365E+0	-979.9366E-6	19.1620E-6	163.5964E-9	25.0000E+0	5.1224E+0	1.0502E-3	2.0000E+0	5.1224E+0	-1.0505E-3	-20.9749E-6	230.3535E-9	30.0000E+0																
1.2497E+0	993.7910E-6	2.0500E+0	1.2497E+0	-994.0346E-6	14.1448E-6	121.9334E-9	25.0000E+0	5.1356E+0	1.0647E-3	2.0500E+0	5.1357E+0	-1.0652E-3	-5.9236E-6	250.4674E-9	30.0000E+0																
1.2630E+0	1.0071E-3	2.1000E+0	1.2630E+0	-1.0073E-3	24.1791E-6	106.5655E-9	25.0000E+0	5.1488E+0	1.0787E-3	2.1000E+0	5.1489E+0	-1.0792E-3	4.1106E-6	231.2467E-9	30.0000E+0																
1.2762E+0	1.0201E-3	2.1500E+0	1.2762E+0	-1.0203E-3	-906.4679E-9	122.1522E-9	25.0000E+0	5.1621E+0	1.0920E-3	2.1500E+0	5.1622E+0	-1.0925E-3	19.1620E-6	238.2448E-9	30.0000E+0																
1.2895E+0	1.0329E-3	2.2000E+0	1.2895E+0	-1.0331E-3	-906.4679E-9	115.2610E-9	25.0000E+0	5.1753E+0	1.1055E-3	2.2000E+0	5.1754E+0	-1.1058E-3	-5.9236E-6	194.0497E-9	30.0000E+0																
1.3027E+0	1.0449E-3	2.2500E+0	1.3028E+0	-1.0453E-3	-5.9236E-6	160.4129E-9	25.0000E+0	5.1886E+0	1.1179E-3	2.2500E+0	5.1887E+0	-1.1183E-3	-5.9236E-6	224.1569E-9	30.0000E+0																
1.3160E+0	1.0570E-3	2.3000E+0	1.3160E+0	-1.0572E-3	9.1277E-6	124.2771E-9	25.0000E+0	5.2019E+0	1.1304E-3	2.3000E+0	5.2019E+0	-1.1308E-3	19.1620E-6	257.3230E-9	30.0000E+0																
1.3292E+0	1.0689E-3	2.3500E+0	1.3293E+0	-1.0691E-3	-906.4679E-9	95.0300E-9	25.0000E+0	5.2151E+0	1.1425E-3	2.3500E+0	5.2152E+0	-1.1428E-3	14.1448E-6	223.5309E-9	30.0000E+0																
1.3425E+0	1.0801E-3	2.4000E+0	1.3425E+0	-1.0805E-3	-15.9578E-6	125.9897E-9	25.0000E+0	5.2283E+0	1.1541E-3	2.4000E+0	5.2284E+0	-1.1543E-3	-10.9407E-6	230.6766E-9	30.0000E+0																
1.3558E+0	1.0911E-3	2.4500E+0	1.3558E+0	-1.0914E-3	19.1620E-6	116.7980E-9	25.0000E+0	5.2416E+0	1.1655E-3	2.4500E+0	5.2416E+0	-1.1658E-3	29.1962E-6	200.1699E-9	30.0000E+0																
1.3690E+0	1.1017E-3	2.5000E+0	1.3690E+0	-1.1019E-3	-25.9921E-6	153.9644E-9	25.0000E+0	5.2549E+0	1.1762E-3	2.5000E+0	5.2549E+0	-1.1766E-3	4.1106E-6	218.2098E-9	30.0000E+0																
1.3822E+0	1.1120E-3	2.5500E+0	1.3822E+0	-1.1123E-3	44.2476E-6	127.4326E-9	25.0000E+0	5.2681E+0	1.1869E-3	2.5500E+0	5.2682E+0	-1.1873E-3	-36.0263E-6	256.5341E-9	30.0000E+0																
1.3955E+0	1.1218E-3	2.6000E+0	1.3955E+0	-1.1220E-3	-15.9578E-6	88.8792E-9	25.0000E+0	5.2814E+0	1.1976E-3	2.6000E+0	5.2815E+0	-1.1980E-3	-10.9407E-6	215.8788E-9	30.0000E+0																
1.4087E+0	1.1318E-3	2.6500E+0	1.4087E+0	-1.1321E-3	19.1620E-6	128.4124E-9	25.0000E+0	5.2946E+0	1.2077E-3	2.6500E+0	5.2947E+0	-1.2080E-3	34.2134E-6	220.3296E-9	30.0000E+0																
1.4220E+0	1.1413E-3	2.7000E+0	1.4220E+0	-1.1417E-3	19.1620E-6	122.9589E-9	25.0000E+0	5.3079E+0	1.2176E-3	2.7000E+0	5.3079E+0	-1.2180E-3	34.2134E-6	207.0713E-9	30.0000E+0																
1.4352E+0	1.1505E-3	2.7500E+0	1.4352E+0	-1.1508E-3	19.1620E-6	142.1516E-9	25.0000E+0	5.3211E+0	1.2271E-3	2.7500E+0	5.3212E+0	-1.2274E-3	-906.4679E-9	212.4255E-9	30.0000E+0																
1.4485E+0	1.1597E-3	2.8000E+0	1.4485E+0	-1.1599E-3	4.1106E-6	130.8452E-9	25.0000E+0	5.3343E+0	1.2366E-3	2.8000E+0	5.3344E+0	-1.2369E-3	24.1791E-6	255.5391E-9	30.0000E+0																
1.4617E+0	1.1685E-3	2.8500E+0	1.4617E+0	-1.1687E-3	-906.4679E-9	86.7951E-9	25.0000E+0	5.3476E+0	1.2456E-3	2.8500E+0	5.3477E+0	-1.2460E-3	-5.9236E-6	212.6622E-9	30.0000E+0																
1.4749E+0	1.1773E-3	2.9000E+0	1.4750E+0	-1.1775E-3	19.1620E-6	128.2520E-9	25.0000E+0	5.3608E+0	1.2547E-3	2.9000E+0	5.3609E+0	-1.2551E-3	-15.9578E-6	204.2644E-9	30.0000E+0																
1.4882E+0	1.1854E-3	2.9500E+0	1.4882E+0	-1.1857E-3	4.1106E-6	133.4612E-9	25.0000E+0	5.3741E+0	1.2636E-3	2.9500E+0	5.3742E+0	-1.2639E-3	24.1791E-6	211.6646E-9	30.0000E+0																
1.5014E+0	1.1935E-3	3.0000E+0	1.5014E+0	-1.1937E-3	19.1620E-6	132.6927E-9	25.0000E+0	5.3874E+0	1.2724E-3	3.0000E+0	5.3874E+0	-1.2727E-3	-906.4679E-9	209.4354E-9	30.0000E+0																
1.5147E+0	1.2016E-3	3.0500E+0	1.5147E+0	-1.2018E-3	4.1106E-6	133.8429E-9	25.0000E+0	5.4006E+0	1.2804E-3	3.0500E+0	5.4007E+0	-1.2808E-3	9.1277E-6	251.4191E-9	30.0000E+0																
1.5279E+0	1.2092E-3	3.1000E+0	1.5279E+0	-1.2095E-3	-906.4679E-9	86.8460E-9	25.0000E+0	5.4139E+0	1.2887E-3	3.1000E+0	5.4140E+0	-1.2891E-3	19.1620E-6	210.9954E-9	30.0000E+0																
1.5412E+0	1.2168E-3	3.1500E+0	1.5412E+0	-1.2170E-3	9.1277E-6	127.8372E-9	25.0000E+0	5.4271E+0	1.2967E-3	3.1500E+0	5.4272E+0	-1.2970E-3	4.1106E-6	189.3979E-9	30.0000E+0																
1.5544E+0	1.2246E-3	3.2000E+0	1.5544E+0	-1.2248E-3	19.1620E-6	146.0527E-9	25.0000E+0	5.4403E+0	1.3045E-3	3.2000E+0	5.4404E+0	-1.3049E-3	34.2134E-6	212.8505E-9	30.0000E+0																
1.5677E+0	1.2318E-3	3.2500E+0	1.5677E+0	-1.2321E-3	-15.9578E-6	127.8321E-9	25.0000E+0	5.4536E+0	1.3123E-3	3.2500E+0	5.4537E+0	-1.3126E-3	34.2134E-6	206.4275E-9	30.0000E+0																
1.5809E+0	1.2386E-3	3.3000E+0	1.5809E+0	-1.2388E-3	-5.9236E-6	134.7514E-9	25.0000E+0	5.4668E+0	1.3200E-3	3.3000E+0	5.4669E+0	-1.3203E-3	-20.9749E-6	247.5129E-9	30.0000E+0																
1.5941E+0	1.2456E-3	3.3500E+0	1.5942E+0	-1.2458E-3	24.1791E-6	90.8896E-9	25.0000E+0	5.4801E+0	1.3266E-3	3.3500E+0	5.4802E+0	-1.3270E-3	-25.9921E-6	212.5986E-9	30.0000E+0																
1.6074E+0	1.2524E-3	3.4000E+0	1.6074E+0	-1.2526E-3	4.1106E-6	125.5444E-9	25.0000E+0	5.4933E+0	1.3339E-3	3.4000E+0	5.4934E+0	-1.3344E-3	-15.9578E-6	176.1956E-9	30.0000E+0																
1.6206E+0	1.2589E-3	3.4500E+0	1.6206E+0	-1.2591E-3	24.1791E-6	157.4177E-9	25.0000E+0	5.5066E+0	1.3415E-3	3.4500E+0	5.5067E+0	-1.3417E-3	19.1620E-6	213.8201E-9	30.0000E+0																
1.6339E+0	1.2654E-3	3.5000E+0	1.6339E+0	-1.2656E-3	9.1277E-6	123.2337E-9	25.0000E+0	5.5198E+0	1.3483E-3	3.5000E+0	5.5199E+0	-1.3487E-3	-10.9407E-6	207.5625E-9	30.0000E+0																
1.6471E+0	1.2716E-3	3.5500E+0	1.6471E+0	-1.2719E-3	-5.9236E-6	131.6620E-9	25.0000E+0	5.5331E+0	1.3552E-3	3.5500E+0	5.5332E+0	-1.3556E-3	-906.4679E-9	237.1225E-9	30.0000E+0																
1.6604E+0	1.2779E-3	3.6000E+0	1.6604E+0	-1.2782E-3	34.2134E-6	98.1091E-9	25.0000E+0	5.5463E+0	1.3616E-3	3.6000E+0	5.5464E+0	-1.3620E-3	9.1277E-6	213.9905E-9	30.0000E+0																
1.6736E+0	1.2837E-3	3.6500E+0	1.6736E+0	-1.2839E-3	24.1791E-6	121.7807E-9	25.0000E+0	5.5596E+0	1.3682E-3	3.6500E+0	5.5597E+0	-1.3685E-3	-906.4679E-9	170.8643E-9	30.0000E+0																
1.6868E+0	1.2901E-3	3.7000E+0	1.6869E+0	-1.2904E-3	-25.9921E-6	161.9983E-9	25.0000E+0	5.5728E+0	1.3747E-3	3.7000E+0	5.5729E+0	-1.3750E-3	4.1106E-6	211.6875E-9	30.0000E+0																
1.7001E+0	1.2960E-3	3.7500E+0	1.7001E+0	-1.2963E-3	-906.4679E-9	121.2386E-9	25.0000E+0	5.5860E+0	1.3808E-3	3.7500E+0	5.5861E+0	-1.3811E-3	9.1277E-6	213.2475E-9	30.0000E+0																
1.7133E+0	1.3015E-3	3.8000E+0	1.7133E+0	-1.3017E-3	19.1620E-6	122.9894E-9	25.0000E+0	5.5993E+0	1.3867E-3	3.8000E+0	5.5994E+0	-1.3870E-3	19.1620E-6	223.1925E-9	30.0000E+0																
1.7266E+0	1.3072E-3	3.8500E+0	1.7266E+0	-1.3074E-3	14.1448E-6	110.1765E-9	25.0000E+0	5.6125E+0	1.3928E-3	3.8500E+0	5.6126E+0	-1.3931E-3	9.1277E-6	217.3675E-9	30.0000E+0																
1.7398E+0	1.3126E-3	3.9000E+0	1.7399E+0	-1.3128E-3	-5.9236E-6	117.8210E-9	25.0000E+0	5.6258E+0	1.3986E-3	3.9000E+0	5.6259E+0	-1.3989E-3	-31.0092E-6	168.8590E-9	30.0000E+0																
1.7531E+0	1.3180E-3	3.9500E+0	1.7531E+0	-1.3184E-3	-906.4679E-9	163.0722E-9	25.0000E+0	5.6390E+0	1.4044E-3	3.9500E+0	5.6391E+0	-1.4049E-3	-5.9236E-6	209.5804E-9	30.0000E+0																
1.7663E+0	1.3232E-3	4.0000E+0	1.7664E+0	-1.3233E-3	14.1448E-6	120.7297E-9	25.0000E+0	5.6523E+0	1.4103E-3	4.0000E+0	5.6524E+0	-1.4106E-3	14.1448E-6	222.5359E-9	30.0000E+0																
1.7796E+0	1.3280E-3	4.0500E+0	1.7796E+0	-1.3283E-3	-10.9407E-6	112.1538E-9	25.0000E+0	5.6655E+0	1.4159E-3	4.0500E+0	5.6656E+0	-1.4160E-3	-906.4679E-9	215.0746E-9	30.0000E+0																
1.7929E+0	1.3332E-3	4.1000E+0	1.7929E+0	-1.3336E-3	-906.4679E-9	118.1416E-9	25.0000E+0	5.6788E+0	1.4211E-3	4.1000E+0	5.6789E+0	-1.4214E-3	24.1791E-6	218.2989E-9	30.0000E+0																
1.8061E+0	1.3379E-3	4.1500E+0	1.8061E+0	-1.3382E-3	-906.4679E-9	115.0192E-9	25.0000E+0	5.6921E+0	1.4264E-3	4.1500E+0	5.6921E+0	-1.4265E-3	14.1448E-6	169.1669E-9	30.0000E+0																
1.8194E+0	1.3424E-3	4.2000E+0	1.8194E+0	-1.3428E-3	4.1106E-6	162.3393E-9	25.0000E+0	5.7053E+0	1.4315E-3	4.2000E+0	5.7053E+0	-1.4318E-3	34.2134E-6	206.2417E-9	30.0000E+0																
1.8326E+0	1.3471E-3	4.2500E+0	1.8326E+0	-1.3473E-3	24.1791E-6	122.0911E-9	25.0000E+0	5.7185E+0	1.4367E-3	4.2500E+0	5.7186E+0	-1.4370E-3	19.1620E-6	230.4731E-9	30.0000E+0																
1.8458E+0	1.3518E-3	4.3000E+0	1.8459E+0	-1.3521E-3	34.2134E-6	101.4428E-9	25.0000E+0	5.7317E+0	1.4416E-3	4.3000E+0	5.7318E+0	-1.4419E-3	24.1791E-6	206.8067E-9	30.0000E+0																
1.8591E+0	1.3563E-3	4.3500E+0	1.8591E+0	-1.3564E-3	4.1106E-6	122.5568E-9	25.0000E+0	5.7450E+0	1.4466E-3	4.3500E+0	5.7451E+0	-1.4469E-3	-906.4679E-9	216.0289E-9	30.0000E+0																
1.8723E+0	1.3604E-3	4.4000E+0	1.8723E+0	-1.3606E-3	4.1106E-6	115.1006E-9	25.0000E+0	5.7583E+0	1.4513E-3	4.4000E+0	5.7584E+0	-1.4517E-3	9.1277E-6	173.6355E-9	30.0000E+0																
1.8856E+0	1.3644E-3	4.4500E+0	1.8856E+0	-1.3647E-3	-5.9236E-6	158.1735E-9	25.0000E+0	5.7715E+0	1.4558E-3	4.4500E+0	5.7716E+0	-1.4560E-3	-5.9236E-6	202.9157E-9	30.0000E+0																
1.8988E+0	1.3684E-3	4.5000E+0	1.8988E+0	-1.3687E-3	9.1277E-6	124.5468E-9	25.0000E+0	5.7848E+0	1.4605E-3	4.5000E+0	5.7849E+0	-1.4607E-3	14.1448E-6	237.0055E-9	30.0000E+0																
1.9121E+0	1.3721E-3	4.5500E+0	1.9121E+0	-1.3724E-3	-10.9407E-6	91.5411E-9	25.0000E+0	5.7980E+0	1.4653E-3	4.5500E+0	5.7981E+0	-1.4657E-3	14.1448E-6	201.9919E-9	30.0000E+0																
1.9253E+0	1.3760E-3	4.6000E+0	1.9254E+0	-1.3762E-3	9.1277E-6	126.4503E-9	25.0000E+0	5.8113E+0	1.4698E-3	4.6000E+0	5.8113E+0	-1.4702E-3	-15.9578E-6	208.7051E-9	30.0000E+0																
1.9386E+0	1.3797E-3	4.6500E+0	1.9386E+0	-1.3799E-3	24.1791E-6	118.0602E-9	25.0000E+0	5.8245E+0	1.4746E-3	4.6500E+0	5.8246E+0	-1.4749E-3	9.1277E-6	183.5296E-9	30.0000E+0																
1.9518E+0	1.3833E-3	4.7000E+0	1.9519E+0	-1.3835E-3	9.1277E-6	149.8699E-9	25.0000E+0	5.8377E+0	1.4792E-3	4.7000E+0	5.8378E+0	-1.4795E-3	-10.9407E-6	198.9484E-9	30.0000E+0																
1.9651E+0	1.3873E-3	4.7500E+0	1.9651E+0	-1.3875E-3	-5.9236E-6	128.2190E-9	25.0000E+0	5.8510E+0	1.4833E-3	4.7500E+0	5.8511E+0	-1.4836E-3	4.1106E-6	239.0490E-9	30.0000E+0																
1.9783E+0	1.3904E-3	4.8000E+0	1.9784E+0	-1.3908E-3	-906.4679E-9	86.8969E-9	25.0000E+0	5.8642E+0	1.4872E-3	4.8000E+0	5.8643E+0	-1.4875E-3	-15.9578E-6	198.0195E-9	30.0000E+0																
1.9916E+0	1.3938E-3	4.8500E+0	1.9916E+0	-1.3941E-3	-906.4679E-9	127.8729E-9	25.0000E+0	5.8775E+0	1.4913E-3	4.8500E+0	5.8776E+0	-1.4918E-3	-20.9749E-6	198.4674E-9	30.0000E+0																
2.0049E+0	1.3975E-3	4.9000E+0	2.0049E+0	-1.3978E-3	14.1448E-6	124.8319E-9	25.0000E+0	5.8907E+0	1.4955E-3	4.9000E+0	5.8908E+0	-1.4957E-3	-10.9407E-6	193.3652E-9	30.0000E+0																
2.0181E+0	1.4006E-3	4.9500E+0	2.0181E+0	-1.4010E-3	19.1620E-6	138.5838E-9	25.0000E+0	5.9040E+0	1.5001E-3	4.9500E+0	5.9041E+0	-1.5004E-3	9.1277E-6	195.1312E-9	30.0000E+0																
2.0313E+0	1.4047E-3	5.0000E+0	2.0314E+0	-1.4050E-3	-10.9407E-6	131.3668E-9	25.0000E+0	5.9172E+0	1.5039E-3	5.0000E+0	5.9173E+0	-1.5042E-3	-20.9749E-6	238.1710E-9	30.0000E+0																
2.0446E+0	1.4045E-3	5.0000E+0	2.0446E+0	-1.4047E-3	-25.9921E-6	86.2607E-9	25.0000E+0	5.9305E+0	1.5044E-3	5.0000E+0	5.9306E+0	-1.5047E-3	9.1277E-6	197.5004E-9	30.0000E+0																
2.0578E+0	1.3997E-3	4.9500E+0	2.0579E+0	-1.4001E-3	29.1962E-6	128.1223E-9	25.0000E+0	5.9437E+0	1.5001E-3	4.9500E+0	5.9438E+0	-1.5005E-3	19.1620E-6	183.8452E-9	30.0000E+0																
2.0711E+0	1.3958E-3	4.9000E+0	2.0711E+0	-1.3960E-3	14.1448E-6	135.5784E-9	25.0000E+0	5.9569E+0	1.4954E-3	4.9000E+0	5.9570E+0	-1.4957E-3	-5.9236E-6	197.9941E-9	30.0000E+0																
2.0843E+0	1.3911E-3	4.8500E+0	2.0844E+0	-1.3912E-3	4.1106E-6	131.4941E-9	25.0000E+0	5.9702E+0	1.4912E-3	4.8500E+0	5.9703E+0	-1.4915E-3	-5.9236E-6	194.9684E-9	30.0000E+0																
2.0976E+0	1.3874E-3	4.8000E+0	2.0976E+0	-1.3876E-3	9.1277E-6	134.1966E-9	25.0000E+0	5.9834E+0	1.4862E-3	4.8000E+0	5.9835E+0	-1.4865E-3	-5.9236E-6	237.5094E-9	30.0000E+0																
2.1109E+0	1.3833E-3	4.7500E+0	2.1109E+0	-1.3835E-3	-36.0263E-6	87.1921E-9	25.0000E+0	5.9967E+0	1.4817E-3	4.7500E+0	5.9968E+0	-1.4819E-3	34.2134E-6	199.7220E-9	30.0000E+0																
2.1241E+0	1.3788E-3	4.7000E+0	2.1241E+0	-1.3790E-3	-20.9749E-6	127.3512E-9	25.0000E+0	6.0099E+0	1.4763E-3	4.7000E+0	6.0100E+0	-1.4767E-3	-5.9236E-6	171.9687E-9	30.0000E+0																
2.1374E+0	1.3741E-3	4.6500E+0	2.1374E+0	-1.3744E-3	29.1962E-6	147.1343E-9	25.0000E+0	6.0232E+0	1.4719E-3	4.6500E+0	6.0233E+0	-1.4724E-3	4.1106E-6	203.6206E-9	30.0000E+0																
2.1506E+0	1.3697E-3	4.6000E+0	2.1506E+0	-1.3698E-3	-25.9921E-6	126.2417E-9	25.0000E+0	6.0364E+0	1.4677E-3	4.6000E+0	6.0365E+0	-1.4680E-3	-36.0263E-6	197.1034E-9	30.0000E+0																
2.1639E+0	1.3650E-3	4.5500E+0	2.1639E+0	-1.3653E-3	-906.4679E-9	134.5961E-9	25.0000E+0	6.0497E+0	1.4631E-3	4.5500E+0	6.0498E+0	-1.4634E-3	-15.9578E-6	234.2113E-9	30.0000E+0																
2.1771E+0	1.3609E-3	4.5000E+0	2.1771E+0	-1.3612E-3	-5.9236E-6	91.0779E-9	25.0000E+0	6.0629E+0	1.4576E-3	4.5000E+0	6.0630E+0	-1.4579E-3	-10.9407E-6	204.3229E-9	30.0000E+0																
2.1904E+0	1.3563E-3	4.4500E+0	2.1904E+0	-1.3567E-3	24.1791E-6	125.0940E-9	25.0000E+0	6.0761E+0	1.4527E-3	4.4500E+0	6.0762E+0	-1.4530E-3	-5.9236E-6	165.5177E-9	30.0000E+0																
2.2036E+0	1.3519E-3	4.4000E+0	2.2036E+0	-1.3522E-3	-10.9407E-6	157.6111E-9	25.0000E+0	6.0894E+0	1.4476E-3	4.4000E+0	6.0895E+0	-1.4479E-3	19.1620E-6	206.3791E-9	30.0000E+0																
2.2168E+0	1.3472E-3	4.3500E+0	2.2169E+0	-1.3475E-3	-5.9236E-6	122.7146E-9	25.0000E+0	6.1026E+0	1.4423E-3	4.3500E+0	6.1027E+0	-1.4426E-3	-10.9407E-6	203.9896E-9	30.0000E+0																
2.2301E+0	1.3424E-3	4.3000E+0	2.2301E+0	-1.3428E-3	-15.9578E-6	131.3210E-9	25.0000E+0	6.1159E+0	1.4373E-3	4.3000E+0	6.1160E+0	-1.4375E-3	-10.9407E-6	226.0324E-9	30.0000E+0																
2.2433E+0	1.3376E-3	4.2500E+0	2.2433E+0	-1.3379E-3	9.1277E-6	100.0432E-9	25.0000E+0	6.1291E+0	1.4323E-3	4.2500E+0	6.1292E+0	-1.4325E-3	14.1448E-6	210.4737E-9	30.0000E+0																
2.2566E+0	1.3324E-3	4.2000E+0	2.2566E+0	-1.3326E-3	-10.9407E-6	121.5745E-9	25.0000E+0	6.1424E+0	1.4264E-3	4.2000E+0	6.1425E+0	-1.4266E-3	-10.9407E-6	165.8613E-9	30.0000E+0																
2.2698E+0	1.3274E-3	4.1500E+0	2.2699E+0	-1.3276E-3	24.1791E-6	162.1841E-9	25.0000E+0	6.1556E+0	1.4212E-3	4.1500E+0	6.1557E+0	-1.4214E-3	-31.0092E-6	207.4021E-9	30.0000E+0																
2.2831E+0	1.3225E-3	4.1000E+0	2.2831E+0	-1.3227E-3	24.1791E-6	120.5134E-9	25.0000E+0	6.1688E+0	1.4156E-3	4.1000E+0	6.1689E+0	-1.4159E-3	-10.9407E-6	215.1357E-9	30.0000E+0																
2.2963E+0	1.3168E-3	4.0500E+0	2.2963E+0	-1.3171E-3	-906.4679E-9	122.7884E-9	25.0000E+0	6.1821E+0	1.4098E-3	4.0500E+0	6.1822E+0	-1.4101E-3	-15.9578E-6	216.2249E-9	30.0000E+0																
2.3095E+0	1.3119E-3	4.0000E+0	2.3096E+0	-1.3122E-3	34.2134E-6	111.6016E-9	25.0000E+0	6.1954E+0	1.4043E-3	4.0000E+0	6.1955E+0	-1.4046E-3	19.1620E-6	217.1893E-9	30.0000E+0																
2.3228E+0	1.3065E-3	3.9500E+0	2.3229E+0	-1.3067E-3	9.1277E-6	117.8643E-9	25.0000E+0	6.2086E+0	1.3986E-3	3.9500E+0	6.2087E+0	-1.3990E-3	-20.9749E-6	167.3219E-9	30.0000E+0																
2.3360E+0	1.3013E-3	3.9000E+0	2.3361E+0	-1.3016E-3	-906.4679E-9	163.3419E-9	25.0000E+0	6.2219E+0	1.3926E-3	3.9000E+0	6.2220E+0	-1.3930E-3	-906.4679E-9	210.1225E-9	30.0000E+0																
2.3494E+0	1.2954E-3	3.8500E+0	2.3494E+0	-1.2957E-3	-20.9749E-6	120.8111E-9	25.0000E+0	6.2351E+0	1.3868E-3	3.8500E+0	6.2352E+0	-1.3870E-3	14.1448E-6	227.0274E-9	30.0000E+0																
2.3626E+0	1.2893E-3	3.8000E+0	2.3626E+0	-1.2895E-3	29.1962E-6	112.5966E-9	25.0000E+0	6.2484E+0	1.3807E-3	3.8000E+0	6.2484E+0	-1.3810E-3	-906.4679E-9	212.3517E-9	30.0000E+0																
2.3758E+0	1.2841E-3	3.7500E+0	2.3758E+0	-1.2844E-3	-5.9236E-6	118.3172E-9	25.0000E+0	6.2616E+0	1.3743E-3	3.7500E+0	6.2617E+0	-1.3746E-3	-906.4679E-9	219.4338E-9	30.0000E+0																
2.3890E+0	1.2781E-3	3.7000E+0	2.3891E+0	-1.2784E-3	-20.9749E-6	114.9607E-9	25.0000E+0	6.2748E+0	1.3679E-3	3.7000E+0	6.2749E+0	-1.3683E-3	-10.9407E-6	174.4982E-9	30.0000E+0																
2.4023E+0	1.2720E-3	3.6500E+0	2.4023E+0	-1.2723E-3	24.1791E-6	161.6878E-9	25.0000E+0	6.2881E+0	1.3613E-3	3.6500E+0	6.2882E+0	-1.3616E-3	-906.4679E-9	207.6032E-9	30.0000E+0																
2.4156E+0	1.2660E-3	3.6000E+0	2.4156E+0	-1.2661E-3	-5.9236E-6	122.0072E-9	25.0000E+0	6.3013E+0	1.3548E-3	3.6000E+0	6.3014E+0	-1.3552E-3	24.1791E-6	239.3696E-9	30.0000E+0																
2.4288E+0	1.2597E-3	3.5500E+0	2.4288E+0	-1.2599E-3	24.1791E-6	99.1067E-9	25.0000E+0	6.3146E+0	1.3482E-3	3.5500E+0	6.3147E+0	-1.3485E-3	19.1620E-6	209.7153E-9	30.0000E+0																
2.4421E+0	1.2531E-3	3.5000E+0	2.4421E+0	-1.2534E-3	19.1620E-6	123.2388E-9	25.0000E+0	6.3278E+0	1.3416E-3	3.5000E+0	6.3279E+0	-1.3419E-3	9.1277E-6	219.4516E-9	30.0000E+0																
2.4553E+0	1.2466E-3	3.4500E+0	2.4553E+0	-1.2468E-3	9.1277E-6	115.0065E-9	25.0000E+0	6.3411E+0	1.3345E-3	3.4500E+0	6.3412E+0	-1.3349E-3	9.1277E-6	184.9572E-9	30.0000E+0																
2.4685E+0	1.2398E-3	3.4000E+0	2.4686E+0	-1.2401E-3	-15.9578E-6	157.7765E-9	25.0000E+0	6.3543E+0	1.3275E-3	3.4000E+0	6.3544E+0	-1.3278E-3	-906.4679E-9	207.7279E-9	30.0000E+0																
2.4818E+0	1.2334E-3	3.3500E+0	2.4818E+0	-1.2336E-3	4.1106E-6	124.7759E-9	25.0000E+0	6.3675E+0	1.3204E-3	3.3500E+0	6.3676E+0	-1.3207E-3	19.1620E-6	246.0013E-9	30.0000E+0																
2.4950E+0	1.2263E-3	3.3000E+0	2.4950E+0	-1.2265E-3	-5.9236E-6	90.4468E-9	25.0000E+0	6.3808E+0	1.3130E-3	3.3000E+0	6.3809E+0	-1.3132E-3	4.1106E-6	207.8297E-9	30.0000E+0																
2.5083E+0	1.2189E-3	3.2500E+0	2.5083E+0	-1.2191E-3	14.1448E-6	126.9567E-9	25.0000E+0	6.3940E+0	1.3052E-3	3.2500E+0	6.3942E+0	-1.3056E-3	14.1448E-6	211.9038E-9	30.0000E+0																
2.5215E+0	1.2116E-3	3.2000E+0	2.5215E+0	-1.2118E-3	14.1448E-6	119.7576E-9	25.0000E+0	6.4073E+0	1.2978E-3	3.2000E+0	6.4074E+0	-1.2981E-3	-25.9921E-6	199.4828E-9	30.0000E+0																
2.5348E+0	1.2040E-3	3.1500E+0	2.5348E+0	-1.2043E-3	14.1448E-6	148.6026E-9	25.0000E+0	6.4205E+0	1.2896E-3	3.1500E+0	6.4206E+0	-1.2900E-3	-10.9407E-6	207.3080E-9	30.0000E+0																
2.5480E+0	1.1966E-3	3.1000E+0	2.5480E+0	-1.1967E-3	9.1277E-6	128.6363E-9	25.0000E+0	6.4338E+0	1.2815E-3	3.1000E+0	6.4339E+0	-1.2818E-3	-25.9921E-6	250.5310E-9	30.0000E+0																
2.5613E+0	1.1883E-3	3.0500E+0	2.5613E+0	-1.1886E-3	19.1620E-6	87.1157E-9	25.0000E+0	6.4470E+0	1.2733E-3	3.0500E+0	6.4471E+0	-1.2736E-3	-20.9749E-6	208.9519E-9	30.0000E+0																
2.5745E+0	1.1804E-3	3.0000E+0	2.5746E+0	-1.1807E-3	29.1962E-6	128.0892E-9	25.0000E+0	6.4603E+0	1.2647E-3	3.0000E+0	6.4604E+0	-1.2650E-3	14.1448E-6	203.3076E-9	30.0000E+0																
2.5877E+0	1.1723E-3	2.9500E+0	2.5878E+0	-1.1725E-3	-5.9236E-6	128.2775E-9	25.0000E+0	6.4735E+0	1.2567E-3	2.9500E+0	6.4736E+0	-1.2571E-3	9.1277E-6	210.1250E-9	30.0000E+0																
2.6010E+0	1.1633E-3	2.9000E+0	2.6011E+0	-1.1634E-3	-15.9578E-6	136.9093E-9	25.0000E+0	6.4868E+0	1.2480E-3	2.9000E+0	6.4869E+0	-1.2482E-3	-15.9578E-6	207.9467E-9	30.0000E+0																
2.6142E+0	1.1547E-3	2.8500E+0	2.6143E+0	-1.1550E-3	-10.9407E-6	132.7232E-9	25.0000E+0	6.5000E+0	1.2385E-3	2.8500E+0	6.5001E+0	-1.2387E-3	29.1962E-6	252.3810E-9	30.0000E+0																
2.6275E+0	1.1458E-3	2.8000E+0	2.6276E+0	-1.1461E-3	-5.9236E-6	86.5126E-9	25.0000E+0	6.5132E+0	1.2293E-3	2.8000E+0	6.5133E+0	-1.2296E-3	-10.9407E-6	212.1227E-9	30.0000E+0																
2.6407E+0	1.1367E-3	2.7500E+0	2.6408E+0	-1.1369E-3	-20.9749E-6	128.3131E-9	25.0000E+0	6.5265E+0	1.2196E-3	2.7500E+0	6.5266E+0	-1.2199E-3	-906.4679E-9	193.3397E-9	30.0000E+0																
2.6540E+0	1.1272E-3	2.7000E+0	2.6540E+0	-1.1276E-3	24.1791E-6	139.4007E-9	25.0000E+0	6.5397E+0	1.2103E-3	2.7000E+0	6.5398E+0	-1.2106E-3	4.1106E-6	216.7898E-9	30.0000E+0																
2.6672E+0	1.1175E-3	2.6500E+0	2.6673E+0	-1.1177E-3	-15.9578E-6	129.9239E-9	25.0000E+0	6.5530E+0	1.2005E-3	2.6500E+0	6.5531E+0	-1.2009E-3	-10.9407E-6	211.1582E-9	30.0000E+0																
2.6805E+0	1.1076E-3	2.6000E+0	2.6805E+0	-1.1080E-3	-20.9749E-6	134.7896E-9	25.0000E+0	6.5663E+0	1.1897E-3	2.6000E+0	6.5664E+0	-1.1901E-3	14.1448E-6	252.6889E-9	30.0000E+0																
2.6937E+0	1.0976E-3	2.5500E+0	2.6938E+0	-1.0979E-3	-5.9236E-6	88.3219E-9	25.0000E+0	6.5795E+0	1.1794E-3	2.5500E+0	6.5796E+0	-1.1797E-3	4.1106E-6	219.8461E-9	30.0000E+0																
2.7069E+0	1.0870E-3	2.5000E+0	2.7070E+0	-1.0873E-3	19.1620E-6	126.6946E-9	25.0000E+0	6.5928E+0	1.1685E-3	2.5000E+0	6.5929E+0	-1.1689E-3	-906.4679E-9	184.5984E-9	30.0000E+0																
2.7202E+0	1.0763E-3	2.4500E+0	2.7203E+0	-1.0767E-3	-906.4679E-9	151.0965E-9	25.0000E+0	6.6060E+0	1.1576E-3	2.4500E+0	6.6061E+0	-1.1579E-3	-10.9407E-6	222.5333E-9	30.0000E+0																
2.7335E+0	1.0651E-3	2.4000E+0	2.7335E+0	-1.0654E-3	24.1791E-6	124.9795E-9	25.0000E+0	6.6193E+0	1.1462E-3	2.4000E+0	6.6194E+0	-1.1467E-3	34.2134E-6	216.9654E-9	30.0000E+0																
2.7467E+0	1.0539E-3	2.3500E+0	2.7468E+0	-1.0541E-3	-906.4679E-9	134.1839E-9	25.0000E+0	6.6325E+0	1.1342E-3	2.3500E+0	6.6326E+0	-1.1347E-3	-25.9921E-6	248.6427E-9	30.0000E+0																
2.7600E+0	1.0421E-3	2.3000E+0	2.7600E+0	-1.0424E-3	-906.4679E-9	93.2486E-9	25.0000E+0	6.6457E+0	1.1221E-3	2.3000E+0	6.6458E+0	-1.1224E-3	34.2134E-6	224.6633E-9	30.0000E+0																
2.7732E+0	1.0300E-3	2.2500E+0	2.7732E+0	-1.0302E-3	-10.9407E-6	124.0837E-9	25.0000E+0	6.6590E+0	1.1095E-3	2.2500E+0	6.6591E+0	-1.1099E-3	4.1106E-6	183.7383E-9	30.0000E+0																
2.7865E+0	1.0176E-3	2.2000E+0	2.7865E+0	-1.0178E-3	-10.9407E-6	159.6367E-9	25.0000E+0	6.6722E+0	1.0965E-3	2.2000E+0	6.6723E+0	-1.0969E-3	-10.9407E-6	225.3860E-9	30.0000E+0																
2.7997E+0	1.0047E-3	2.1500E+0	2.7997E+0	-1.0049E-3	-5.9236E-6	121.8850E-9	25.0000E+0	6.6855E+0	1.0841E-3	2.1500E+0	6.6856E+0	-1.0846E-3	24.1791E-6	228.5619E-9	30.0000E+0																
2.8130E+0	991.6479E-6	2.1000E+0	2.8130E+0	-991.9665E-6	-15.9578E-6	129.4506E-9	25.0000E+0	6.6987E+0	1.0703E-3	2.1000E+0	6.6988E+0	-1.0706E-3	29.1962E-6	241.6141E-9	30.0000E+0																
2.8262E+0	978.3113E-6	2.0500E+0	2.8262E+0	-978.5495E-6	-20.9749E-6	103.8986E-9	25.0000E+0	6.7119E+0	1.0560E-3	2.0500E+0	6.7121E+0	-1.0563E-3	19.1620E-6	233.5879E-9	30.0000E+0																
2.8395E+0	964.3695E-6	2.0000E+0	2.8395E+0	-964.5020E-6	24.1791E-6	120.2411E-9	25.0000E+0	6.7251E+0	1.0417E-3	2.0000E+0	6.7252E+0	-1.0420E-3	-10.9407E-6	188.3316E-9	30.0000E+0																
2.8527E+0	950.0244E-6	1.9500E+0	2.8528E+0	-950.3032E-6	29.1962E-6	163.0645E-9	25.0000E+0	6.7384E+0	1.0271E-3	1.9500E+0	6.7386E+0	-1.0274E-3	29.1962E-6	229.4730E-9	30.0000E+0																
2.8659E+0	935.2254E-6	1.9000E+0	2.8660E+0	-935.3730E-6	-10.9407E-6	120.8849E-9	25.0000E+0	6.7517E+0	1.0117E-3	1.9000E+0	6.7518E+0	-1.0119E-3	19.1620E-6	242.4615E-9	30.0000E+0																
2.8792E+0	920.2248E-6	1.8500E+0	2.8793E+0	-920.3419E-6	-10.9407E-6	120.2742E-9	25.0000E+0	6.7649E+0	996.0096E-6	1.8500E+0	6.7650E+0	-996.4053E-6	-20.9749E-6	237.2625E-9	30.0000E+0																
2.8924E+0	904.4174E-6	1.8000E+0	2.8925E+0	-904.7560E-6	9.1277E-6	115.1821E-9	25.0000E+0	6.7782E+0	979.4710E-6	1.8000E+0	6.7783E+0	-979.8610E-6	4.1106E-6	241.5148E-9	30.0000E+0																
2.9057E+0	888.3327E-6	1.7500E+0	2.9058E+0	-888.6656E-6	-10.9407E-6	117.0677E-9	25.0000E+0	6.7914E+0	963.0334E-6	1.7500E+0	6.7915E+0	-963.3166E-6	-5.9236E-6	194.5408E-9	30.0000E+0																
2.9189E+0	871.6682E-6	1.7000E+0	2.9190E+0	-871.9952E-6	14.1448E-6	163.3063E-9	25.0000E+0	6.8047E+0	945.5116E-6	1.7000E+0	6.8048E+0	-945.9401E-6	-15.9578E-6	231.0685E-9	30.0000E+0																
2.9322E+0	854.6002E-6	1.6500E+0	2.9322E+0	-854.7196E-6	-906.4679E-9	121.6203E-9	25.0000E+0	6.8179E+0	927.8890E-6	1.6500E+0	6.8180E+0	-928.1853E-6	-10.9407E-6	256.7504E-9	30.0000E+0																
2.9454E+0	836.9019E-6	1.6000E+0	2.9455E+0	-837.0908E-6	14.1448E-6	107.7157E-9	25.0000E+0	6.8312E+0	909.5353E-6	1.6000E+0	6.8313E+0	-909.9260E-6	29.1962E-6	235.5982E-9	30.0000E+0																
2.9586E+0	819.1281E-6	1.5500E+0	2.9587E+0	-819.4117E-6	19.1620E-6	120.9282E-9	25.0000E+0	6.8444E+0	890.6017E-6	1.5500E+0	6.8445E+0	-891.0615E-6	-5.9236E-6	245.7315E-9	30.0000E+0																
2.9719E+0	800.3205E-6	1.5000E+0	2.9720E+0	-800.4714E-6	34.2134E-6	114.9836E-9	25.0000E+0	6.8577E+0	871.1387E-6	1.5000E+0	6.8578E+0	-871.5412E-6	44.2476E-6	204.3891E-9	30.0000E+0																
2.9851E+0	781.1853E-6	1.4500E+0	2.9852E+0	-781.3043E-6	19.1620E-6	160.4129E-9	25.0000E+0	6.8709E+0	850.7681E-6	1.4500E+0	6.8710E+0	-851.2140E-6	19.1620E-6	233.3766E-9	30.0000E+0																
2.9984E+0	761.4198E-6	1.4000E+0	2.9985E+0	-761.5823E-6	4.1106E-6	123.3330E-9	25.0000E+0	6.8841E+0	830.0949E-6	1.4000E+0	6.8842E+0	-830.5336E-6	-906.4679E-9	269.5812E-9	30.0000E+0																
3.0116E+0	741.2004E-6	1.3500E+0	3.0117E+0	-741.5072E-6	4.1106E-6	95.2997E-9	25.0000E+0	6.8974E+0	809.1697E-6	1.3500E+0	6.8975E+0	-809.5506E-6	-5.9236E-6	236.9495E-9	30.0000E+0																
3.0249E+0	720.4516E-6	1.3000E+0	3.0249E+0	-720.6755E-6	4.1106E-6	125.4401E-9	25.0000E+0	6.9106E+0	787.1351E-6	1.3000E+0	6.9107E+0	-787.3066E-6	4.1106E-6	243.2860E-9	30.0000E+0																
3.0381E+0	698.9969E-6	1.2500E+0	3.0381E+0	-699.1881E-6	29.1962E-6	116.6758E-9	25.0000E+0	6.9239E+0	764.3946E-6	1.2500E+0	6.9240E+0	-764.6843E-6	-10.9407E-6	221.2584E-9	30.0000E+0																
3.0513E+0	677.1137E-6	1.2000E+0	3.0514E+0	-677.3728E-6	-5.9236E-6	153.1119E-9	25.0000E+0	6.9371E+0	740.8726E-6	1.2000E+0	6.9372E+0	-741.1793E-6	39.2305E-6	235.3107E-9	30.0000E+0																
3.0646E+0	654.4740E-6	1.1500E+0	3.0646E+0	-654.7505E-6	-5.9236E-6	127.2468E-9	25.0000E+0	6.9504E+0	716.9220E-6	1.1500E+0	6.9505E+0	-717.2456E-6	14.1448E-6	276.7956E-9	30.0000E+0																
3.0778E+0	631.2545E-6	1.1000E+0	3.0778E+0	-631.5481E-6	14.1448E-6	88.4670E-9	25.0000E+0	6.9636E+0	691.9378E-6	1.1000E+0	6.9637E+0	-692.2273E-6	14.1448E-6	237.3465E-9	30.0000E+0																
3.0911E+0	607.6569E-6	1.0500E+0	3.0911E+0	-607.8162E-6	29.1962E-6	128.4709E-9	25.0000E+0	6.9768E+0	666.6006E-6	1.0500E+0	6.9769E+0	-666.8057E-6	34.2134E-6	238.5909E-9	30.0000E+0																
3.1043E+0	583.2021E-6	1.0000E+0	3.1043E+0	-583.4537E-6	9.1277E-6	124.1473E-9	25.0000E+0	6.9901E+0	640.7592E-6	1.0000E+0	6.9902E+0	-641.1065E-6	-15.9578E-6	240.5987E-9	30.0000E+0																
3.1175E+0	558.4195E-6	950.0000E-3	3.1176E+0	-558.5868E-6	-906.4679E-9	142.1185E-9	25.0000E+0	7.0033E+0	614.1110E-6	950.0000E-3	7.0034E+0	-614.3734E-6	-5.9236E-6	242.3063E-9	30.0000E+0																
3.1308E+0	532.8302E-6	900.0000E-3	3.1308E+0	-532.9885E-6	14.1448E-6	131.5984E-9	25.0000E+0	7.0165E+0	586.1518E-6	900.0000E-3	7.0166E+0	-586.4549E-6	4.1106E-6	285.2163E-9	30.0000E+0																
3.1440E+0	506.5602E-6	850.0000E-3	3.1441E+0	-506.8103E-6	-15.9578E-6	86.9605E-9	25.0000E+0	7.0297E+0	558.0161E-6	850.0000E-3	7.0298E+0	-558.3346E-6	14.1448E-6	244.7009E-9	30.0000E+0																
3.1573E+0	479.9120E-6	800.0000E-3	3.1573E+0	-480.0771E-6	14.1448E-6	128.7610E-9	25.0000E+0	7.0430E+0	529.3007E-6	800.0000E-3	7.0431E+0	-529.5838E-6	-906.4679E-9	231.7251E-9	30.0000E+0																
3.1705E+0	452.8856E-6	750.0000E-3	3.1705E+0	-453.0917E-6	24.1791E-6	137.4743E-9	25.0000E+0	7.0562E+0	499.8792E-6	750.0000E-3	7.0563E+0	-500.2783E-6	24.1791E-6	253.1852E-9	30.0000E+0																
3.1837E+0	425.0525E-6	700.0000E-3	3.1838E+0	-425.3245E-6	-31.0092E-6	132.2346E-9	25.0000E+0	7.0695E+0	469.5502E-6	700.0000E-3	7.0696E+0	-469.7873E-6	34.2134E-6	249.3553E-9	30.0000E+0																
3.3254E+0	396.7317E-6	650.0000E-3	3.3254E+0	-396.7613E-6	-906.4679E-9	117.8974E-9	25.0000E+0	7.0827E+0	438.8178E-6	650.0000E-3	7.0828E+0	-439.1703E-6	9.1277E-6	291.3033E-9	30.0000E+0																
3.3386E+0	368.2039E-6	600.0000E-3	3.3386E+0	-368.2378E-6	4.1106E-6	116.0091E-9	25.0000E+0	7.0959E+0	407.5055E-6	600.0000E-3	7.0960E+0	-407.7462E-6	19.1620E-6	255.8852E-9	30.0000E+0																
3.3518E+0	339.1162E-6	550.0000E-3	3.3519E+0	-339.1467E-6	9.1277E-6	162.9856E-9	25.0000E+0	7.2376E+0	375.4311E-6	550.0000E-3	7.2377E+0	-375.5704E-6	19.1620E-6	259.4911E-9	30.0000E+0																
3.3651E+0	309.6024E-6	500.0000E-3	3.3651E+0	-309.6192E-6	-20.9749E-6	122.3838E-9	25.0000E+0	7.2509E+0	343.0072E-6	500.0000E-3	7.2510E+0	-343.1598E-6	9.1277E-6	288.0155E-9	30.0000E+0																
3.3783E+0	279.5010E-6	450.0000E-3	3.3783E+0	-279.5192E-6	-15.9578E-6	101.9060E-9	25.0000E+0	7.2641E+0	310.0815E-6	450.0000E-3	7.2642E+0	-310.2221E-6	-5.9236E-6	266.0465E-9	30.0000E+0																
3.3916E+0	249.1827E-6	400.0000E-3	3.3916E+0	-249.2249E-6	9.1277E-6	123.3839E-9	25.0000E+0	7.2774E+0	276.4825E-6	400.0000E-3	7.2775E+0	-276.6310E-6	-25.9921E-6	278.1901E-9	30.0000E+0																
3.4048E+0	218.5291E-6	350.0000E-3	3.4048E+0	-218.5523E-6	-10.9407E-6	115.7394E-9	25.0000E+0	7.2906E+0	242.6011E-6	350.0000E-3	7.2907E+0	-242.7398E-6	19.1620E-6	240.2170E-9	30.0000E+0																
3.4181E+0	187.6232E-6	300.0000E-3	3.4181E+0	-187.6728E-6	-20.9749E-6	159.5273E-9	25.0000E+0	7.3038E+0	208.4146E-6	300.0000E-3	7.3039E+0	-208.5660E-6	-906.4679E-9	266.1915E-9	30.0000E+0																
3.4313E+0	156.5636E-6	250.0000E-3	3.4313E+0	-156.5865E-6	34.2134E-6	125.5393E-9	25.0000E+0	7.3171E+0	173.8422E-6	250.0000E-3	7.3172E+0	-173.9735E-6	4.1106E-6	303.2434E-9	30.0000E+0																
3.4445E+0	125.4863E-6	200.0000E-3	3.4446E+0	-125.5078E-6	4.1106E-6	92.7422E-9	25.0000E+0	7.3303E+0	139.4817E-6	200.0000E-3	7.3304E+0	-139.6409E-6	-5.9236E-6	268.6676E-9	30.0000E+0																
3.4578E+0	94.1417E-6	150.0000E-3	3.4578E+0	-94.1717E-6	14.1448E-6	127.4326E-9	25.0000E+0	7.3436E+0	104.6093E-6	150.0000E-3	7.3437E+0	-104.7760E-6	-15.9578E-6	278.1672E-9	30.0000E+0																
3.4710E+0	62.7946E-6	100.0000E-3	3.4711E+0	-62.8281E-6	-10.9407E-6	119.6634E-9	25.0000E+0	7.3568E+0	69.7948E-6	100.0000E-3	7.3569E+0	-69.9514E-6	-15.9578E-6	263.7231E-9	30.0000E+0																
3.6127E+0	31.4184E-6	50.0000E-3	3.6128E+0	-31.4226E-6	-15.9578E-6	133.2500E-9	25.0000E+0	7.4985E+0	34.8860E-6	50.0000E-3	7.4986E+0	-35.0192E-6	9.1277E-6	306.8926E-9	30.0000E+0																
3.9156E+0	211.4441E-9	000.0000E-3	3.9157E+0	-212.9434E-9	14.1448E-6	122.5721E-9	25.0000E+0	7.9443E+0	-2.7270E-6	000.0000E-3	7.9444E+0	2.5874E-6	94.4188E-6	298.9835E-9	30.0000E+0																
