Time(1)	SourceI(1)	SourceV(1)	Time(1)	DrainI(1)	DrainV(1)	GateI(1)	GateV(1)	PEAK_ID(1)	Time(2)	SourceI(2)	SourceV(2)	Time(2)	DrainI(2)	DrainV(2)	GateI(2)	GateV(2)	PEAK_ID(2)	Time(3)	SourceI(3)	SourceV(3)	Time(3)	DrainI(3)	DrainV(3)	GateI(3)	GateV(3)	PEAK_ID(3)	Time(4)	SourceI(4)	SourceV(4)	Time(4)	DrainI(4)	DrainV(4)	GateI(4)	GateV(4)	PEAK_ID(4)
391.6897E-3	-451.9660E-12	000.0000E-3	393.9182E-3	738.4397E-12	2.0000E+0	-99.8860E-9	-20.0000E+0	1.0585E-3	21.3481E+0	-997.2420E-12	000.0000E-3	21.3500E+0	1.4143E-9	3.0000E+0	-97.5755E-9	-20.0000E+0	1.2811E-3	41.9844E+0	-1.7202E-9	000.0000E-3	41.9860E+0	2.1576E-9	4.0000E+0	-96.3447E-9	-20.0000E+0	1.4179E-3	62.7394E+0	-2.4555E-9	000.0000E-3	62.7406E+0	2.9446E-9	5.0000E+0	-95.4302E-9	-20.0000E+0	1.5067E-3
443.0860E-3	-1.5134E-9	000.0000E-3	445.3049E-3	1.6984E-9	2.0000E+0	-96.8087E-9	-19.5000E+0		21.3994E+0	-2.8932E-9	000.0000E-3	21.4014E+0	3.1734E-9	3.0000E+0	-94.1001E-9	-19.5000E+0		42.0358E+0	-4.7695E-9	000.0000E-3	42.0374E+0	5.0566E-9	4.0000E+0	-92.8580E-9	-19.5000E+0		62.9504E+0	-7.1814E-9	000.0000E-3	62.9697E+0	7.4914E-9	5.0000E+0	-92.1396E-9	-19.5000E+0	
494.4413E-3	-4.0442E-9	000.0000E-3	496.6755E-3	4.1070E-9	2.0000E+0	-94.1517E-9	-19.0000E+0		21.6106E+0	-7.5336E-9	000.0000E-3	21.6305E+0	7.6089E-9	3.0000E+0	-91.6198E-9	-19.0000E+0		42.2319E+0	-12.2382E-9	000.0000E-3	42.2505E+0	12.0443E-9	4.0000E+0	-90.4065E-9	-19.0000E+0		63.0018E+0	-18.0584E-9	000.0000E-3	63.0201E+0	19.1128E-9	5.0000E+0	-89.1358E-9	-19.0000E+0	
693.0808E-3	-9.8542E-9	000.0000E-3	712.3289E-3	10.0271E-9	2.0000E+0	-91.7472E-9	-18.5000E+0		21.6619E+0	-17.5336E-9	000.0000E-3	21.6809E+0	18.0162E-9	3.0000E+0	-88.7236E-9	-18.5000E+0		42.2823E+0	-28.7214E-9	000.0000E-3	42.3009E+0	29.7366E-9	4.0000E+0	-87.5534E-9	-18.5000E+0		63.0522E+0	-44.4669E-9	000.0000E-3	63.0704E+0	46.0547E-9	5.0000E+0	-86.6242E-9	-18.5000E+0	
743.4343E-3	-20.9242E-9	000.0000E-3	762.6986E-3	21.2824E-9	2.0000E+0	-88.6293E-9	-18.0000E+0		21.7123E+0	-38.9500E-9	000.0000E-3	21.7312E+0	40.0130E-9	3.0000E+0	-85.9297E-9	-18.0000E+0		42.5014E+0	-67.0815E-9	000.0000E-3	42.5200E+0	67.4057E-9	4.0000E+0	-85.2213E-9	-18.0000E+0		63.2713E+0	-105.7664E-9	000.0000E-3	63.2703E+0	105.7315E-9	5.0000E+0	-84.2369E-9	-18.0000E+0	
793.7907E-3	-43.1371E-9	000.0000E-3	813.0522E-3	44.0478E-9	2.0000E+0	-85.5447E-9	-17.5000E+0		21.9315E+0	-87.8973E-9	000.0000E-3	21.9311E+0	87.8121E-9	3.0000E+0	-83.8127E-9	-17.5000E+0		42.5518E+0	-137.1920E-9	000.0000E-3	42.5511E+0	136.3626E-9	4.0000E+0	-81.9354E-9	-17.5000E+0		63.3030E+0	-205.9710E-9	000.0000E-3	63.3020E+0	205.1732E-9	5.0000E+0	-81.0620E-9	-17.5000E+0	
1.0129E+0	-89.7297E-9	000.0000E-3	1.0129E+0	89.7903E-9	2.0000E+0	-84.0241E-9	-17.0000E+0		21.9632E+0	-165.2845E-9	000.0000E-3	21.9628E+0	164.2157E-9	3.0000E+0	-80.3555E-9	-17.0000E+0		42.5835E+0	-264.8705E-9	000.0000E-3	42.5828E+0	263.1975E-9	4.0000E+0	-78.6427E-9	-17.0000E+0		63.3348E+0	-382.5355E-9	000.0000E-3	63.3338E+0	380.9021E-9	5.0000E+0	-77.7526E-9	-17.0000E+0	
1.0446E+0	-161.6128E-9	000.0000E-3	1.0446E+0	160.5603E-9	2.0000E+0	-80.4667E-9	-16.5000E+0		21.9950E+0	-306.5035E-9	000.0000E-3	21.9946E+0	305.0988E-9	3.0000E+0	-77.4858E-9	-16.5000E+0		42.6153E+0	-495.1070E-9	000.0000E-3	42.6146E+0	493.5300E-9	4.0000E+0	-76.2324E-9	-16.5000E+0		63.5353E+0	-759.6055E-9	000.0000E-3	63.5343E+0	759.0762E-9	5.0000E+0	-76.9496E-9	-16.5000E+0	
1.0763E+0	-296.1397E-9	000.0000E-3	1.0763E+0	295.1346E-9	2.0000E+0	-77.9382E-9	-16.0000E+0		22.1955E+0	-596.5545E-9	000.0000E-3	22.1952E+0	596.0849E-9	3.0000E+0	-76.4497E-9	-16.0000E+0		42.8158E+0	-963.7067E-9	000.0000E-3	42.8151E+0	963.2272E-9	4.0000E+0	-75.3124E-9	-16.0000E+0		63.5670E+0	-1.2463E-6	000.0000E-3	63.5660E+0	1.2447E-6	5.0000E+0	-73.5497E-9	-16.0000E+0	
1.2769E+0	-537.9836E-9	000.0000E-3	1.2768E+0	537.4615E-9	2.0000E+0	-76.5179E-9	-15.5000E+0		22.2272E+0	-955.0212E-9	000.0000E-3	22.2268E+0	953.6922E-9	3.0000E+0	-73.1420E-9	-15.5000E+0		42.8475E+0	-1.5501E-6	000.0000E-3	42.8468E+0	1.5486E-6	4.0000E+0	-71.8179E-9	-15.5000E+0		63.5987E+0	-2.0650E-6	000.0000E-3	63.5977E+0	2.0635E-6	5.0000E+0	-71.1746E-9	-15.5000E+0	
1.3086E+0	-849.8019E-9	000.0000E-3	1.3085E+0	848.3541E-9	2.0000E+0	-73.2017E-9	-15.0000E+0		22.2589E+0	-1.5689E-6	000.0000E-3	22.2585E+0	1.5675E-6	3.0000E+0	-70.5791E-9	-15.0000E+0		42.8792E+0	-2.5409E-6	000.0000E-3	42.8785E+0	2.5396E-6	4.0000E+0	-69.7125E-9	-15.0000E+0		63.6304E+0	-3.2798E-6	000.0000E-3	63.6294E+0	3.2781E-6	5.0000E+0	-68.7606E-9	-15.0000E+0	
1.3403E+0	-1.3605E-6	000.0000E-3	1.3403E+0	1.3591E-6	2.0000E+0	-70.7261E-9	-14.5000E+0		22.2906E+0	-2.4821E-6	000.0000E-3	22.2902E+0	2.4805E-6	3.0000E+0	-68.1341E-9	-14.5000E+0		42.9109E+0	-3.9387E-6	000.0000E-3	42.9103E+0	3.9372E-6	4.0000E+0	-67.2140E-9	-14.5000E+0		63.6621E+0	-4.9862E-6	000.0000E-3	63.6611E+0	4.9846E-6	5.0000E+0	-66.3307E-9	-14.5000E+0	
1.3720E+0	-2.0947E-6	000.0000E-3	1.3720E+0	2.0931E-6	2.0000E+0	-68.2280E-9	-14.0000E+0		22.3223E+0	-3.7421E-6	000.0000E-3	22.3220E+0	3.7404E-6	3.0000E+0	-65.6968E-9	-14.0000E+0		43.1010E+0	-5.9480E-6	000.0000E-3	43.1004E+0	5.9451E-6	4.0000E+0	-65.5125E-9	-14.0000E+0		63.8522E+0	-7.4472E-6	000.0000E-3	63.8512E+0	7.4442E-6	5.0000E+0	-64.7505E-9	-14.0000E+0	
1.4037E+0	-3.1080E-6	000.0000E-3	1.4037E+0	3.1064E-6	2.0000E+0	-65.7376E-9	-13.5000E+0		22.5124E+0	-5.5676E-6	000.0000E-3	22.5120E+0	5.5645E-6	3.0000E+0	-64.0620E-9	-13.5000E+0		43.1327E+0	-8.3070E-6	000.0000E-3	43.1321E+0	8.3034E-6	4.0000E+0	-62.4644E-9	-13.5000E+0		63.8839E+0	-10.4215E-6	000.0000E-3	63.8829E+0	10.4178E-6	5.0000E+0	-61.7600E-9	-13.5000E+0	
1.4354E+0	-4.4508E-6	000.0000E-3	1.4354E+0	4.4491E-6	2.0000E+0	-63.2579E-9	-13.0000E+0		22.5441E+0	-7.6069E-6	000.0000E-3	22.5438E+0	7.6032E-6	3.0000E+0	-61.0233E-9	-13.0000E+0		43.1644E+0	-11.5428E-6	000.0000E-3	43.1637E+0	11.5389E-6	4.0000E+0	-59.8205E-9	-13.0000E+0		63.9156E+0	-14.4378E-6	000.0000E-3	63.9146E+0	14.4341E-6	5.0000E+0	-59.2940E-9	-13.0000E+0	
1.6255E+0	-6.3034E-6	000.0000E-3	1.6255E+0	6.3002E-6	2.0000E+0	-61.6711E-9	-12.5000E+0		22.5758E+0	-10.3618E-6	000.0000E-3	22.5755E+0	10.3578E-6	3.0000E+0	-58.4460E-9	-12.5000E+0		43.1961E+0	-15.7730E-6	000.0000E-3	43.1954E+0	15.7693E-6	4.0000E+0	-57.6142E-9	-12.5000E+0		63.9473E+0	-19.5206E-6	000.0000E-3	63.9463E+0	19.5167E-6	5.0000E+0	-56.8459E-9	-12.5000E+0	
1.6572E+0	-8.3047E-6	000.0000E-3	1.6572E+0	8.3008E-6	2.0000E+0	-58.5859E-9	-12.0000E+0		22.6075E+0	-13.9227E-6	000.0000E-3	22.6072E+0	13.9190E-6	3.0000E+0	-55.9615E-9	-12.0000E+0		43.2278E+0	-20.7824E-6	000.0000E-3	43.2271E+0	20.7785E-6	4.0000E+0	-55.1167E-9	-12.0000E+0		63.9790E+0	-25.7799E-6	000.0000E-3	63.9780E+0	25.7761E-6	5.0000E+0	-54.4285E-9	-12.0000E+0	
1.6889E+0	-11.0110E-6	000.0000E-3	1.6889E+0	11.0070E-6	2.0000E+0	-55.9602E-9	-11.5000E+0		22.6392E+0	-18.2557E-6	000.0000E-3	22.6389E+0	18.2515E-6	3.0000E+0	-53.5386E-9	-11.5000E+0		43.2595E+0	-26.7587E-6	000.0000E-3	43.2588E+0	26.7549E-6	4.0000E+0	-52.6960E-9	-11.5000E+0		64.0107E+0	-33.4344E-6	000.0000E-3	64.0097E+0	33.4305E-6	5.0000E+0	-52.0316E-9	-11.5000E+0	
1.7206E+0	-14.3278E-6	000.0000E-3	1.7206E+0	14.3238E-6	2.0000E+0	-53.5000E-9	-11.0000E+0		22.6710E+0	-23.3953E-6	000.0000E-3	22.6706E+0	23.3915E-6	3.0000E+0	-51.1243E-9	-11.0000E+0		43.2912E+0	-33.9573E-6	000.0000E-3	43.2905E+0	33.9530E-6	4.0000E+0	-50.2493E-9	-11.0000E+0		64.0424E+0	-41.9939E-6	000.0000E-3	64.0414E+0	41.9894E-6	5.0000E+0	-49.3383E-9	-11.0000E+0	
1.7523E+0	-18.2534E-6	000.0000E-3	1.7523E+0	18.2494E-6	2.0000E+0	-51.0822E-9	-10.5000E+0		22.7027E+0	-29.5865E-6	000.0000E-3	22.7023E+0	29.5820E-6	3.0000E+0	-48.7000E-9	-10.5000E+0		43.3229E+0	-42.3592E-6	000.0000E-3	43.3222E+0	42.3550E-6	4.0000E+0	-47.7676E-9	-10.5000E+0		64.2239E+0	-52.6626E-6	000.0000E-3	64.2229E+0	52.6333E-6	5.0000E+0	-47.8792E-9	-10.5000E+0	
1.7840E+0	-22.8457E-6	000.0000E-3	1.7840E+0	22.8415E-6	2.0000E+0	-48.6136E-9	-10.0000E+0		22.7344E+0	-36.7022E-6	000.0000E-3	22.7340E+0	36.6982E-6	3.0000E+0	-46.3119E-9	-10.0000E+0		43.5044E+0	-52.4305E-6	000.0000E-3	43.5038E+0	52.4015E-6	4.0000E+0	-46.0807E-9	-10.0000E+0		64.2555E+0	-63.9284E-6	000.0000E-3	64.2546E+0	63.8988E-6	5.0000E+0	-44.9735E-9	-10.0000E+0	
1.8158E+0	-28.2712E-6	000.0000E-3	1.8157E+0	28.2669E-6	2.0000E+0	-46.1925E-9	-9.5000E+0		22.7661E+0	-45.0608E-6	000.0000E-3	22.7657E+0	45.0559E-6	3.0000E+0	-43.8367E-9	-9.5000E+0		43.5361E+0	-62.7715E-6	000.0000E-3	43.5355E+0	62.7421E-6	4.0000E+0	-43.1522E-9	-9.5000E+0		64.2873E+0	-77.4489E-6	000.0000E-3	64.2862E+0	77.4193E-6	5.0000E+0	-42.5013E-9	-9.5000E+0	
1.8475E+0	-34.4180E-6	000.0000E-3	1.8474E+0	34.4137E-6	2.0000E+0	-43.7398E-9	-9.0000E+0		22.9476E+0	-55.0203E-6	000.0000E-3	22.9472E+0	54.9914E-6	3.0000E+0	-42.3147E-9	-9.0000E+0		43.5678E+0	-75.1878E-6	000.0000E-3	43.5672E+0	75.1582E-6	4.0000E+0	-40.7466E-9	-9.0000E+0		64.3190E+0	-92.5278E-6	000.0000E-3	64.3180E+0	92.4978E-6	5.0000E+0	-40.0623E-9	-9.0000E+0	
1.8792E+0	-41.3497E-6	000.0000E-3	1.8791E+0	41.3454E-6	2.0000E+0	-41.3251E-9	-8.5000E+0		23.1826E+0	-65.4720E-6	000.0000E-3	23.1822E+0	65.4426E-6	3.0000E+0	-40.1227E-9	-8.5000E+0		43.8029E+0	-89.6108E-6	000.0000E-3	43.8022E+0	89.5823E-6	4.0000E+0	-39.1403E-9	-8.5000E+0		64.5540E+0	-109.2183E-6	000.0000E-3	64.5530E+0	109.1886E-6	5.0000E+0	-38.4828E-9	-8.5000E+0	
2.1142E+0	-49.4485E-6	000.0000E-3	2.1142E+0	49.4443E-6	2.0000E+0	-39.8492E-9	-8.0000E+0		23.3694E+0	-77.1243E-6	000.0000E-3	23.3690E+0	77.0948E-6	3.0000E+0	-37.7687E-9	-8.0000E+0		43.9896E+0	-104.9209E-6	000.0000E-3	43.9889E+0	104.8925E-6	4.0000E+0	-36.8035E-9	-8.0000E+0		64.7408E+0	-126.9822E-6	000.0000E-3	64.7398E+0	126.9530E-6	5.0000E+0	-36.2077E-9	-8.0000E+0	
2.4508E+0	-57.8020E-6	000.0000E-3	2.4507E+0	57.7730E-6	2.0000E+0	-37.4056E-9	-7.5000E+0		23.6044E+0	-89.5778E-6	000.0000E-3	23.6041E+0	89.5487E-6	3.0000E+0	-35.4037E-9	-7.5000E+0		44.2247E+0	-121.0761E-6	000.0000E-3	44.2240E+0	121.0488E-6	4.0000E+0	-34.4205E-9	-7.5000E+0		64.9758E+0	-145.8748E-6	000.0000E-3	64.9748E+0	145.8461E-6	5.0000E+0	-33.8177E-9	-7.5000E+0	
2.6857E+0	-66.9623E-6	000.0000E-3	2.6857E+0	66.9331E-6	2.0000E+0	-35.1035E-9	-7.0000E+0		23.7912E+0	-103.4903E-6	000.0000E-3	23.7908E+0	103.4614E-6	3.0000E+0	-33.0177E-9	-7.0000E+0		44.2644E+0	-138.0138E-6	000.0000E-3	44.2637E+0	137.9853E-6	4.0000E+0	-31.4544E-9	-7.0000E+0		65.0155E+0	-165.5316E-6	000.0000E-3	65.0145E+0	165.5021E-6	5.0000E+0	-30.8728E-9	-7.0000E+0	
2.8725E+0	-77.0819E-6	000.0000E-3	2.8724E+0	77.0526E-6	2.0000E+0	-32.6750E-9	-6.5000E+0		24.0262E+0	-117.9843E-6	000.0000E-3	24.0259E+0	117.9557E-6	3.0000E+0	-30.6763E-9	-6.5000E+0		44.4511E+0	-157.6429E-6	000.0000E-3	44.4505E+0	157.6158E-6	4.0000E+0	-29.7422E-9	-6.5000E+0		65.2023E+0	-188.0000E-6	000.0000E-3	65.2013E+0	187.9702E-6	5.0000E+0	-29.1332E-9	-6.5000E+0	
3.1075E+0	-87.9435E-6	000.0000E-3	3.1075E+0	87.9144E-6	2.0000E+0	-30.3076E-9	-6.0000E+0		24.0659E+0	-133.0771E-6	000.0000E-3	24.0655E+0	133.0489E-6	3.0000E+0	-27.5905E-9	-6.0000E+0		44.6862E+0	-177.3256E-6	000.0000E-3	44.6855E+0	177.2972E-6	4.0000E+0	-27.4154E-9	-6.0000E+0		65.4374E+0	-210.3329E-6	000.0000E-3	65.4364E+0	210.3045E-6	5.0000E+0	-26.8273E-9	-6.0000E+0	
3.2943E+0	-99.5472E-6	000.0000E-3	3.2942E+0	99.5182E-6	2.0000E+0	-27.8877E-9	-5.5000E+0		24.2527E+0	-150.8929E-6	000.0000E-3	24.2523E+0	150.8644E-6	3.0000E+0	-25.9412E-9	-5.5000E+0		44.8729E+0	-197.9564E-6	000.0000E-3	44.8722E+0	197.9288E-6	4.0000E+0	-25.1086E-9	-5.5000E+0		65.6241E+0	-233.8401E-6	000.0000E-3	65.6231E+0	233.8110E-6	5.0000E+0	-24.4767E-9	-5.5000E+0	
3.5293E+0	-111.8736E-6	000.0000E-3	3.5293E+0	111.8449E-6	2.0000E+0	-25.5022E-9	-5.0000E+0		24.4878E+0	-168.4882E-6	000.0000E-3	24.4874E+0	168.4602E-6	3.0000E+0	-23.6492E-9	-5.0000E+0		45.1080E+0	-219.9521E-6	000.0000E-3	45.1073E+0	219.9247E-6	4.0000E+0	-22.8327E-9	-5.0000E+0		65.8592E+0	-257.6887E-6	000.0000E-3	65.8581E+0	257.6608E-6	5.0000E+0	-22.2459E-9	-5.0000E+0	
3.7161E+0	-124.9481E-6	000.0000E-3	3.7160E+0	124.9190E-6	2.0000E+0	-23.1165E-9	-4.5000E+0		24.6745E+0	-186.7085E-6	000.0000E-3	24.6741E+0	186.6802E-6	3.0000E+0	-21.3425E-9	-4.5000E+0		45.2947E+0	-241.8749E-6	000.0000E-3	45.2940E+0	241.8480E-6	4.0000E+0	-20.5585E-9	-4.5000E+0		66.0459E+0	-282.8248E-6	000.0000E-3	66.0449E+0	282.7962E-6	5.0000E+0	-19.9562E-9	-4.5000E+0	
3.9511E+0	-138.3734E-6	000.0000E-3	3.9511E+0	138.3443E-6	2.0000E+0	-20.7484E-9	-4.0000E+0		24.9096E+0	-205.7684E-6	000.0000E-3	24.9092E+0	205.7398E-6	3.0000E+0	-19.0500E-9	-4.0000E+0		45.5298E+0	-264.7127E-6	000.0000E-3	45.5291E+0	264.6854E-6	4.0000E+0	-18.2996E-9	-4.0000E+0		66.2810E+0	-308.4033E-6	000.0000E-3	66.2799E+0	308.3741E-6	5.0000E+0	-17.7150E-9	-4.0000E+0	
4.1379E+0	-152.5729E-6	000.0000E-3	4.1378E+0	152.5441E-6	2.0000E+0	-18.3554E-9	-3.5000E+0		25.0963E+0	-225.4632E-6	000.0000E-3	25.0960E+0	225.4359E-6	3.0000E+0	-16.7332E-9	-3.5000E+0		45.7165E+0	-287.9341E-6	000.0000E-3	45.7158E+0	287.9068E-6	4.0000E+0	-16.0129E-9	-3.5000E+0		66.4677E+0	-333.4732E-6	000.0000E-3	66.4667E+0	333.4433E-6	5.0000E+0	-15.4820E-9	-3.5000E+0	
4.3729E+0	-167.2695E-6	000.0000E-3	4.3728E+0	167.2407E-6	2.0000E+0	-16.0100E-9	-3.0000E+0		25.3314E+0	-245.9068E-6	000.0000E-3	25.3310E+0	245.8789E-6	3.0000E+0	-14.5031E-9	-3.0000E+0		45.9516E+0	-312.1297E-6	000.0000E-3	45.9509E+0	312.1022E-6	4.0000E+0	-13.7793E-9	-3.0000E+0		66.7027E+0	-358.9764E-6	000.0000E-3	66.7017E+0	358.9461E-6	5.0000E+0	-13.2776E-9	-3.0000E+0	
4.5597E+0	-182.2865E-6	000.0000E-3	4.5596E+0	182.2578E-6	2.0000E+0	-13.6609E-9	-2.5000E+0		25.5181E+0	-266.4800E-6	000.0000E-3	25.5177E+0	266.4523E-6	3.0000E+0	-12.1709E-9	-2.5000E+0		46.1383E+0	-336.4148E-6	000.0000E-3	46.1376E+0	336.3875E-6	4.0000E+0	-11.5312E-9	-2.5000E+0		66.8895E+0	-384.9770E-6	000.0000E-3	66.8884E+0	384.9475E-6	5.0000E+0	-11.0227E-9	-2.5000E+0	
4.7947E+0	-197.7524E-6	000.0000E-3	4.7946E+0	197.7239E-6	2.0000E+0	-11.3141E-9	-2.0000E+0		25.7532E+0	-287.7253E-6	000.0000E-3	25.7528E+0	287.6971E-6	3.0000E+0	-9.9655E-9	-2.0000E+0		46.3734E+0	-361.0216E-6	000.0000E-3	46.3726E+0	360.9936E-6	4.0000E+0	-9.3051E-9	-2.0000E+0		67.1245E+0	-411.3790E-6	000.0000E-3	67.1235E+0	411.3479E-6	5.0000E+0	-8.8633E-9	-2.0000E+0	
4.9814E+0	-213.7584E-6	000.0000E-3	4.9814E+0	213.7300E-6	2.0000E+0	-8.9499E-9	-1.5000E+0		25.9399E+0	-309.0051E-6	000.0000E-3	25.9395E+0	308.9759E-6	3.0000E+0	-7.6924E-9	-1.5000E+0		46.5601E+0	-385.7664E-6	000.0000E-3	46.5594E+0	385.7381E-6	4.0000E+0	-7.1164E-9	-1.5000E+0		67.3113E+0	-437.7049E-6	000.0000E-3	67.3102E+0	437.6739E-6	5.0000E+0	-6.6656E-9	-1.5000E+0	
5.2165E+0	-229.8487E-6	000.0000E-3	5.2164E+0	229.8198E-6	2.0000E+0	-6.6233E-9	-1.0000E+0		26.1750E+0	-330.9254E-6	000.0000E-3	26.1745E+0	330.8980E-6	3.0000E+0	-5.4691E-9	-1.0000E+0		46.7952E+0	-410.4252E-6	000.0000E-3	46.7945E+0	410.3979E-6	4.0000E+0	-4.9184E-9	-1.0000E+0		67.5463E+0	-463.5331E-6	000.0000E-3	67.5453E+0	463.5024E-6	5.0000E+0	-4.5167E-9	-1.0000E+0	
5.4254E+0	-246.5827E-6	000.0000E-3	5.4254E+0	246.5537E-6	2.0000E+0	-4.2629E-9	-500.0000E-3		26.3840E+0	-352.7256E-6	000.0000E-3	26.3836E+0	352.6971E-6	3.0000E+0	-3.1555E-9	-500.0000E-3		47.0042E+0	-434.8901E-6	000.0000E-3	47.0034E+0	434.8629E-6	4.0000E+0	-2.6831E-9	-500.0000E-3		67.7553E+0	-488.9012E-6	000.0000E-3	67.7543E+0	488.8694E-6	5.0000E+0	-2.3328E-9	-500.0000E-3	
5.6605E+0	-263.0121E-6	000.0000E-3	5.6604E+0	262.9833E-6	2.0000E+0	-1.9778E-9	000.0000E-3		26.6190E+0	-374.4371E-6	000.0000E-3	26.6186E+0	374.4076E-6	3.0000E+0	-952.8561E-12	000.0000E-3		47.2392E+0	-459.9555E-6	000.0000E-3	47.2385E+0	459.9264E-6	4.0000E+0	-543.4138E-12	000.0000E-3		67.9903E+0	-514.7578E-6	000.0000E-3	67.9893E+0	514.4518E-6	5.0000E+0	-208.7327E-12	000.0000E-3	
5.8763E+0	-279.6183E-6	000.0000E-3	5.8762E+0	279.5895E-6	2.0000E+0	321.3240E-12	500.0000E-3		26.8348E+0	-396.3747E-6	000.0000E-3	26.8344E+0	396.3449E-6	3.0000E+0	1.3525E-9	500.0000E-3		47.4597E+0	-483.9594E-6	000.0000E-3	47.4589E+0	483.9296E-6	4.0000E+0	1.6557E-9	500.0000E-3		68.2107E+0	-540.3357E-6	000.0000E-3	68.2096E+0	540.0346E-6	5.0000E+0	1.9398E-9	500.0000E-3	
6.1113E+0	-296.5478E-6	000.0000E-3	6.1112E+0	296.5202E-6	2.0000E+0	2.6473E-9	1.0000E+0		27.0698E+0	-418.3353E-6	000.0000E-3	27.0694E+0	418.3071E-6	3.0000E+0	3.5138E-9	1.0000E+0		47.6947E+0	-508.9572E-6	000.0000E-3	47.6940E+0	508.6689E-6	4.0000E+0	3.8489E-9	1.0000E+0		68.4457E+0	-565.6548E-6	000.0000E-3	68.4447E+0	565.3487E-6	5.0000E+0	4.0556E-9	1.0000E+0	
6.3203E+0	-313.3477E-6	000.0000E-3	6.3202E+0	313.3191E-6	2.0000E+0	4.9917E-9	1.5000E+0		27.2788E+0	-440.0645E-6	000.0000E-3	27.2784E+0	440.0349E-6	3.0000E+0	5.8500E-9	1.5000E+0		47.9036E+0	-533.2414E-6	000.0000E-3	47.9029E+0	532.9438E-6	4.0000E+0	6.0894E-9	1.5000E+0		68.6547E+0	-590.8629E-6	000.0000E-3	68.6536E+0	590.5639E-6	5.0000E+0	6.2553E-9	1.5000E+0	
6.5553E+0	-330.6312E-6	000.0000E-3	6.5552E+0	330.6016E-6	2.0000E+0	7.2959E-9	2.0000E+0		27.5139E+0	-462.1402E-6	000.0000E-3	27.5134E+0	462.1100E-6	3.0000E+0	8.0614E-9	2.0000E+0		48.1387E+0	-557.0709E-6	000.0000E-3	48.1379E+0	556.7768E-6	4.0000E+0	8.2736E-9	2.0000E+0		68.8898E+0	-615.9969E-6	000.0000E-3	68.8887E+0	615.6999E-6	5.0000E+0	8.4352E-9	2.0000E+0	
6.7643E+0	-347.7820E-6	000.0000E-3	6.7642E+0	347.7528E-6	2.0000E+0	9.6399E-9	2.5000E+0		27.7006E+0	-483.7763E-6	000.0000E-3	27.7002E+0	483.7454E-6	3.0000E+0	10.3901E-9	2.5000E+0		48.3254E+0	-580.8689E-6	000.0000E-3	48.3247E+0	580.5782E-6	4.0000E+0	10.5485E-9	2.5000E+0		69.0765E+0	-640.5272E-6	000.0000E-3	69.0754E+0	640.2238E-6	5.0000E+0	10.6555E-9	2.5000E+0	
6.9994E+0	-364.9647E-6	000.0000E-3	6.9993E+0	364.9355E-6	2.0000E+0	11.9781E-9	3.0000E+0		27.9356E+0	-505.4804E-6	000.0000E-3	27.9352E+0	505.1852E-6	3.0000E+0	12.6537E-9	3.0000E+0		48.5605E+0	-604.3036E-6	000.0000E-3	48.5597E+0	604.0105E-6	4.0000E+0	12.7820E-9	3.0000E+0		69.3115E+0	-664.8108E-6	000.0000E-3	69.3105E+0	664.5112E-6	5.0000E+0	12.8501E-9	3.0000E+0	
7.1861E+0	-382.1610E-6	000.0000E-3	7.1860E+0	382.1328E-6	2.0000E+0	14.3689E-9	3.5000E+0		28.1223E+0	-526.5914E-6	000.0000E-3	28.1219E+0	526.2935E-6	3.0000E+0	14.9865E-9	3.5000E+0		48.7472E+0	-627.2026E-6	000.0000E-3	48.7465E+0	626.9158E-6	4.0000E+0	15.0507E-9	3.5000E+0		69.4983E+0	-687.7740E-6	000.0000E-3	69.4972E+0	687.4755E-6	5.0000E+0	15.1046E-9	3.5000E+0	
7.4211E+0	-399.4794E-6	000.0000E-3	7.4210E+0	399.4512E-6	2.0000E+0	16.6704E-9	4.0000E+0		28.3573E+0	-547.8693E-6	000.0000E-3	28.3569E+0	547.5723E-6	3.0000E+0	17.2575E-9	4.0000E+0		48.9823E+0	-650.1728E-6	000.0000E-3	48.9815E+0	649.8836E-6	4.0000E+0	17.3229E-9	4.0000E+0		69.7333E+0	-711.2047E-6	000.0000E-3	69.7322E+0	710.9058E-6	5.0000E+0	17.3212E-9	4.0000E+0	
7.6079E+0	-416.1327E-6	000.0000E-3	7.6077E+0	416.1039E-6	2.0000E+0	19.0663E-9	4.5000E+0		28.5441E+0	-568.9667E-6	000.0000E-3	28.5436E+0	568.6760E-6	3.0000E+0	19.5457E-9	4.5000E+0		49.1690E+0	-672.2522E-6	000.0000E-3	49.1683E+0	671.9591E-6	4.0000E+0	19.6329E-9	4.5000E+0		69.9201E+0	-733.9907E-6	000.0000E-3	69.9190E+0	733.6926E-6	5.0000E+0	19.6261E-9	4.5000E+0	
7.8429E+0	-433.2436E-6	000.0000E-3	7.8428E+0	433.2150E-6	2.0000E+0	21.3684E-9	5.0000E+0		28.7791E+0	-589.4209E-6	000.0000E-3	28.7787E+0	589.1303E-6	3.0000E+0	21.8550E-9	5.0000E+0		49.4041E+0	-694.4607E-6	000.0000E-3	49.4033E+0	694.1757E-6	4.0000E+0	21.9147E-9	5.0000E+0		70.1551E+0	-756.9800E-6	000.0000E-3	70.1540E+0	756.6817E-6	5.0000E+0	21.8688E-9	5.0000E+0	
8.0297E+0	-450.1246E-6	000.0000E-3	8.0296E+0	450.0956E-6	2.0000E+0	23.7200E-9	5.5000E+0		28.9659E+0	-609.4903E-6	000.0000E-3	28.9655E+0	609.1944E-6	3.0000E+0	24.1845E-9	5.5000E+0		49.5908E+0	-716.2426E-6	000.0000E-3	49.5901E+0	715.9561E-6	4.0000E+0	24.2219E-9	5.5000E+0		70.3419E+0	-779.3682E-6	000.0000E-3	70.3408E+0	779.0697E-6	5.0000E+0	24.1399E-9	5.5000E+0	
8.2647E+0	-466.8201E-6	000.0000E-3	8.2646E+0	466.7905E-6	2.0000E+0	26.0845E-9	6.0000E+0		29.2010E+0	-630.3536E-6	000.0000E-3	29.2005E+0	630.0622E-6	3.0000E+0	26.4648E-9	6.0000E+0		49.8259E+0	-737.4867E-6	000.0000E-3	49.8251E+0	737.1849E-6	4.0000E+0	26.5102E-9	6.0000E+0		70.5769E+0	-801.3164E-6	000.0000E-3	70.5758E+0	801.0220E-6	5.0000E+0	26.4362E-9	6.0000E+0	
8.4515E+0	-483.2983E-6	000.0000E-3	8.4513E+0	483.2681E-6	2.0000E+0	28.4405E-9	6.5000E+0		29.3877E+0	-649.7592E-6	000.0000E-3	29.3873E+0	649.4652E-6	3.0000E+0	28.7719E-9	6.5000E+0		50.0127E+0	-758.0156E-6	000.0000E-3	50.0119E+0	757.7330E-6	4.0000E+0	28.8205E-9	6.5000E+0		70.7637E+0	-822.7738E-6	000.0000E-3	70.7626E+0	822.4727E-6	5.0000E+0	28.7406E-9	6.5000E+0	
8.6865E+0	-499.6674E-6	000.0000E-3	8.6864E+0	499.6375E-6	2.0000E+0	30.8047E-9	7.0000E+0		29.6228E+0	-669.0765E-6	000.0000E-3	29.6223E+0	668.7764E-6	3.0000E+0	31.0665E-9	7.0000E+0		50.2477E+0	-778.4058E-6	000.0000E-3	50.2469E+0	778.1091E-6	4.0000E+0	31.0920E-9	7.0000E+0		70.9987E+0	-843.1852E-6	000.0000E-3	70.9976E+0	842.8877E-6	5.0000E+0	31.0117E-9	7.0000E+0	
9.0231E+0	-515.3056E-6	000.0000E-3	9.0230E+0	515.0161E-6	2.0000E+0	33.4181E-9	7.5000E+0		29.8095E+0	-688.4711E-6	000.0000E-3	29.8091E+0	688.1769E-6	3.0000E+0	33.3827E-9	7.5000E+0		50.4344E+0	-798.6209E-6	000.0000E-3	50.4337E+0	798.3249E-6	4.0000E+0	33.4071E-9	7.5000E+0		71.1855E+0	-863.8957E-6	000.0000E-3	71.1844E+0	863.6012E-6	5.0000E+0	33.3003E-9	7.5000E+0	
9.2581E+0	-532.4726E-6	000.0000E-3	9.2579E+0	532.1783E-6	2.0000E+0	35.5043E-9	8.0000E+0		30.0445E+0	-707.3011E-6	000.0000E-3	30.0441E+0	706.9990E-6	3.0000E+0	35.7289E-9	8.0000E+0		50.6695E+0	-818.9233E-6	000.0000E-3	50.6687E+0	818.6240E-6	4.0000E+0	35.7101E-9	8.0000E+0		71.4205E+0	-884.1942E-6	000.0000E-3	71.4194E+0	883.8957E-6	5.0000E+0	35.6033E-9	8.0000E+0	
9.4448E+0	-548.5396E-6	000.0000E-3	9.4447E+0	548.2514E-6	2.0000E+0	37.8991E-9	8.5000E+0		30.2313E+0	-726.3380E-6	000.0000E-3	30.2308E+0	726.0471E-6	3.0000E+0	38.0812E-9	8.5000E+0		50.8562E+0	-838.1978E-6	000.0000E-3	50.8554E+0	837.9120E-6	4.0000E+0	38.0511E-9	8.5000E+0		71.6073E+0	-903.8867E-6	000.0000E-3	71.6062E+0	903.5897E-6	5.0000E+0	37.8849E-9	8.5000E+0	
9.4765E+0	-563.1903E-6	000.0000E-3	9.4764E+0	562.8971E-6	2.0000E+0	41.0433E-9	9.0000E+0		30.2630E+0	-742.2144E-6	000.0000E-3	30.2625E+0	741.9190E-6	3.0000E+0	41.2806E-9	9.0000E+0		50.8879E+0	-855.9657E-6	000.0000E-3	50.8871E+0	855.6814E-6	4.0000E+0	41.0787E-9	9.0000E+0		71.6390E+0	-921.0911E-6	000.0000E-3	71.6378E+0	920.7892E-6	5.0000E+0	41.0103E-9	9.0000E+0	
9.5082E+0	-578.5602E-6	000.0000E-3	9.5081E+0	578.2719E-6	2.0000E+0	43.5750E-9	9.5000E+0		30.2947E+0	-760.0881E-6	000.0000E-3	30.2942E+0	759.7917E-6	3.0000E+0	43.8036E-9	9.5000E+0		50.9196E+0	-874.5773E-6	000.0000E-3	50.9188E+0	874.2827E-6	4.0000E+0	43.5958E-9	9.5000E+0		71.6707E+0	-939.9500E-6	000.0000E-3	71.6696E+0	939.6502E-6	5.0000E+0	43.5275E-9	9.5000E+0	
9.5399E+0	-594.5239E-6	000.0000E-3	9.5398E+0	594.2311E-6	2.0000E+0	46.0333E-9	10.0000E+0		30.3264E+0	-777.7656E-6	000.0000E-3	30.3259E+0	777.4743E-6	3.0000E+0	46.2708E-9	10.0000E+0		50.9513E+0	-893.1336E-6	000.0000E-3	50.9505E+0	892.8350E-6	4.0000E+0	45.9744E-9	10.0000E+0		71.7024E+0	-958.7710E-6	000.0000E-3	71.7013E+0	958.4733E-6	5.0000E+0	45.9289E-9	10.0000E+0	
9.5717E+0	-609.7612E-6	000.0000E-3	9.5715E+0	609.4677E-6	2.0000E+0	48.5086E-9	10.5000E+0		30.3581E+0	-795.4029E-6	000.0000E-3	30.3577E+0	795.1151E-6	3.0000E+0	48.7170E-9	10.5000E+0		50.9830E+0	-911.2166E-6	000.0000E-3	50.9822E+0	910.9286E-6	4.0000E+0	48.4131E-9	10.5000E+0		71.7341E+0	-977.4362E-6	000.0000E-3	71.7330E+0	977.1432E-6	5.0000E+0	48.3273E-9	10.5000E+0	
9.6034E+0	-624.9208E-6	000.0000E-3	9.6032E+0	624.6276E-6	2.0000E+0	50.9598E-9	11.0000E+0		30.3899E+0	-812.8933E-6	000.0000E-3	30.3894E+0	812.6005E-6	3.0000E+0	51.1014E-9	11.0000E+0		51.0147E+0	-929.1534E-6	000.0000E-3	51.0139E+0	928.8628E-6	4.0000E+0	50.7774E-9	11.0000E+0		71.7658E+0	-995.5136E-6	000.0000E-3	71.7647E+0	995.2140E-6	5.0000E+0	50.7283E-9	11.0000E+0	
9.6351E+0	-640.0531E-6	000.0000E-3	9.6350E+0	639.7584E-6	2.0000E+0	53.3849E-9	11.5000E+0		30.4216E+0	-829.7073E-6	000.0000E-3	30.4211E+0	829.4099E-6	3.0000E+0	53.5298E-9	11.5000E+0		51.0464E+0	-946.5566E-6	000.0000E-3	51.0456E+0	946.2731E-6	4.0000E+0	53.2054E-9	11.5000E+0		71.7975E+0	-1.0136E-3	000.0000E-3	71.7964E+0	1.0133E-3	5.0000E+0	53.0999E-9	11.5000E+0	
9.6668E+0	-655.0337E-6	000.0000E-3	9.6667E+0	654.7439E-6	2.0000E+0	55.7987E-9	12.0000E+0		30.4533E+0	-846.2706E-6	000.0000E-3	30.4528E+0	845.9736E-6	3.0000E+0	55.9354E-9	12.0000E+0		51.0781E+0	-963.5693E-6	000.0000E-3	51.0773E+0	963.2736E-6	4.0000E+0	55.6398E-9	12.0000E+0		71.8292E+0	-1.0310E-3	000.0000E-3	71.8281E+0	1.0307E-3	5.0000E+0	55.4631E-9	12.0000E+0	
9.6985E+0	-669.7353E-6	000.0000E-3	9.6984E+0	669.4395E-6	2.0000E+0	58.2403E-9	12.5000E+0		30.4850E+0	-862.6726E-6	000.0000E-3	30.4845E+0	862.3724E-6	3.0000E+0	58.3637E-9	12.5000E+0		51.1098E+0	-980.6491E-6	000.0000E-3	51.1090E+0	980.3540E-6	4.0000E+0	57.9918E-9	12.5000E+0		71.8609E+0	-1.0481E-3	000.0000E-3	71.8598E+0	1.0478E-3	5.0000E+0	57.8992E-9	12.5000E+0	
9.7302E+0	-684.1640E-6	000.0000E-3	9.7301E+0	683.8663E-6	2.0000E+0	60.6555E-9	13.0000E+0		30.5167E+0	-878.6120E-6	000.0000E-3	30.5162E+0	878.3079E-6	3.0000E+0	60.7816E-9	13.0000E+0		51.1416E+0	-997.1306E-6	000.0000E-3	51.1407E+0	996.8397E-6	4.0000E+0	60.4918E-9	13.0000E+0		71.8926E+0	-1.0649E-3	000.0000E-3	71.8915E+0	1.0646E-3	5.0000E+0	60.2204E-9	13.0000E+0	
9.7619E+0	-698.2129E-6	000.0000E-3	9.7618E+0	697.9195E-6	2.0000E+0	63.1271E-9	13.5000E+0		30.5484E+0	-894.1428E-6	000.0000E-3	30.5479E+0	893.8476E-6	3.0000E+0	63.2409E-9	13.5000E+0		51.1733E+0	-1.0136E-3	000.0000E-3	51.1725E+0	1.0133E-3	4.0000E+0	62.7833E-9	13.5000E+0		71.9243E+0	-1.0818E-3	000.0000E-3	71.9232E+0	1.0815E-3	5.0000E+0	62.6537E-9	13.5000E+0	
9.7936E+0	-712.4475E-6	000.0000E-3	9.7935E+0	712.1548E-6	2.0000E+0	65.4665E-9	14.0000E+0		30.5801E+0	-909.6984E-6	000.0000E-3	30.5796E+0	909.4054E-6	3.0000E+0	65.6338E-9	14.0000E+0		51.2049E+0	-1.0292E-3	000.0000E-3	51.2041E+0	1.0289E-3	4.0000E+0	65.2458E-9	14.0000E+0		71.9560E+0	-1.0981E-3	000.0000E-3	71.9549E+0	1.0979E-3	5.0000E+0	65.0197E-9	14.0000E+0	
9.8253E+0	-726.0304E-6	000.0000E-3	9.8252E+0	725.7300E-6	2.0000E+0	67.9908E-9	14.5000E+0		30.6118E+0	-925.0210E-6	000.0000E-3	30.6113E+0	924.7317E-6	3.0000E+0	68.0432E-9	14.5000E+0		51.2367E+0	-1.0448E-3	000.0000E-3	51.2359E+0	1.0445E-3	4.0000E+0	67.6067E-9	14.5000E+0		71.9877E+0	-1.1151E-3	000.0000E-3	71.9866E+0	1.1148E-3	5.0000E+0	67.3986E-9	14.5000E+0	
9.8571E+0	-739.7489E-6	000.0000E-3	9.8569E+0	739.4564E-6	2.0000E+0	70.4446E-9	15.0000E+0		30.6435E+0	-940.0700E-6	000.0000E-3	30.6430E+0	939.7822E-6	3.0000E+0	70.4294E-9	15.0000E+0		51.2684E+0	-1.0604E-3	000.0000E-3	51.2676E+0	1.0601E-3	4.0000E+0	69.9902E-9	15.0000E+0		72.0194E+0	-1.1309E-3	000.0000E-3	72.0183E+0	1.1306E-3	5.0000E+0	69.6860E-9	15.0000E+0	
9.8888E+0	-753.3616E-6	000.0000E-3	9.8886E+0	753.0674E-6	2.0000E+0	72.8686E-9	15.5000E+0		30.6752E+0	-954.5634E-6	000.0000E-3	30.6748E+0	954.2636E-6	3.0000E+0	72.9036E-9	15.5000E+0		51.3001E+0	-1.0756E-3	000.0000E-3	51.2993E+0	1.0753E-3	4.0000E+0	72.4201E-9	15.5000E+0		72.0511E+0	-1.1467E-3	000.0000E-3	72.0500E+0	1.1464E-3	5.0000E+0	72.1094E-9	15.5000E+0	
9.9205E+0	-766.8592E-6	000.0000E-3	9.9203E+0	766.5670E-6	2.0000E+0	75.2883E-9	16.0000E+0		30.7069E+0	-968.9518E-6	000.0000E-3	30.7065E+0	968.6551E-6	3.0000E+0	75.2814E-9	16.0000E+0		51.3318E+0	-1.0905E-3	000.0000E-3	51.3310E+0	1.0902E-3	4.0000E+0	74.8316E-9	16.0000E+0		72.0828E+0	-1.1623E-3	000.0000E-3	72.0817E+0	1.1620E-3	5.0000E+0	74.4727E-9	16.0000E+0	
9.9522E+0	-780.2407E-6	000.0000E-3	9.9520E+0	779.9556E-6	2.0000E+0	77.6736E-9	16.5000E+0		30.7387E+0	-983.1438E-6	000.0000E-3	30.7382E+0	982.8504E-6	3.0000E+0	77.7141E-9	16.5000E+0		51.3635E+0	-1.1053E-3	000.0000E-3	51.3627E+0	1.1050E-3	4.0000E+0	77.2130E-9	16.5000E+0		72.1145E+0	-1.1773E-3	000.0000E-3	72.1134E+0	1.1770E-3	5.0000E+0	76.8986E-9	16.5000E+0	
9.9839E+0	-793.1613E-6	000.0000E-3	9.9837E+0	792.8708E-6	2.0000E+0	80.1306E-9	17.0000E+0		30.7704E+0	-997.1185E-6	000.0000E-3	30.7699E+0	996.8251E-6	3.0000E+0	80.1120E-9	17.0000E+0		51.3952E+0	-1.1199E-3	000.0000E-3	51.3944E+0	1.1196E-3	4.0000E+0	79.5955E-9	17.0000E+0		72.1462E+0	-1.1919E-3	000.0000E-3	72.1451E+0	1.1916E-3	5.0000E+0	79.2050E-9	17.0000E+0	
10.0156E+0	-805.8464E-6	000.0000E-3	10.0154E+0	805.5575E-6	2.0000E+0	82.5579E-9	17.5000E+0		30.8021E+0	-1.0109E-3	000.0000E-3	30.8016E+0	1.0106E-3	3.0000E+0	82.4858E-9	17.5000E+0		51.4269E+0	-1.1343E-3	000.0000E-3	51.4261E+0	1.1340E-3	4.0000E+0	81.9717E-9	17.5000E+0		72.1779E+0	-1.2065E-3	000.0000E-3	72.1768E+0	1.2062E-3	5.0000E+0	81.6791E-9	17.5000E+0	
10.0473E+0	-818.6756E-6	000.0000E-3	10.0471E+0	818.3860E-6	2.0000E+0	84.9510E-9	18.0000E+0		30.8338E+0	-1.0245E-3	000.0000E-3	30.8333E+0	1.0242E-3	3.0000E+0	84.9550E-9	18.0000E+0		51.4587E+0	-1.1483E-3	000.0000E-3	51.4578E+0	1.1481E-3	4.0000E+0	84.3791E-9	18.0000E+0		72.2096E+0	-1.2213E-3	000.0000E-3	72.2085E+0	1.2210E-3	5.0000E+0	84.0372E-9	18.0000E+0	
10.0790E+0	-831.2281E-6	000.0000E-3	10.0789E+0	830.9386E-6	2.0000E+0	87.3915E-9	18.5000E+0		30.8655E+0	-1.0380E-3	000.0000E-3	30.8650E+0	1.0377E-3	3.0000E+0	87.3246E-9	18.5000E+0		51.4904E+0	-1.1622E-3	000.0000E-3	51.4896E+0	1.1619E-3	4.0000E+0	86.7108E-9	18.5000E+0		72.2413E+0	-1.2361E-3	000.0000E-3	72.2402E+0	1.2358E-3	5.0000E+0	86.3948E-9	18.5000E+0	
10.1107E+0	-843.4067E-6	000.0000E-3	10.1106E+0	843.1111E-6	2.0000E+0	89.8264E-9	19.0000E+0		30.8972E+0	-1.0512E-3	000.0000E-3	30.8967E+0	1.0509E-3	3.0000E+0	89.7293E-9	19.0000E+0		51.5221E+0	-1.1756E-3	000.0000E-3	51.5213E+0	1.1753E-3	4.0000E+0	89.1640E-9	19.0000E+0		72.2730E+0	-1.2500E-3	000.0000E-3	72.2719E+0	1.2497E-3	5.0000E+0	88.7893E-9	19.0000E+0	
10.1424E+0	-855.7059E-6	000.0000E-3	10.1423E+0	855.4156E-6	2.0000E+0	92.2838E-9	19.5000E+0		30.9289E+0	-1.0641E-3	000.0000E-3	30.9284E+0	1.0638E-3	3.0000E+0	92.1437E-9	19.5000E+0		51.5538E+0	-1.1889E-3	000.0000E-3	51.5530E+0	1.1886E-3	4.0000E+0	91.6090E-9	19.5000E+0		72.3048E+0	-1.2640E-3	000.0000E-3	72.3036E+0	1.2637E-3	5.0000E+0	91.1868E-9	19.5000E+0	
10.1741E+0	-867.8422E-6	000.0000E-3	10.1739E+0	867.5508E-6	2.0000E+0	94.6759E-9	20.0000E+0		30.9606E+0	-1.0769E-3	000.0000E-3	30.9602E+0	1.0766E-3	3.0000E+0	94.5172E-9	20.0000E+0		51.5855E+0	-1.2022E-3	000.0000E-3	51.5847E+0	1.2019E-3	4.0000E+0	93.9647E-9	20.0000E+0		72.3365E+0	-1.2780E-3	000.0000E-3	72.3353E+0	1.2777E-3	5.0000E+0	93.5935E-9	20.0000E+0	
10.2058E+0	-879.7590E-6	000.0000E-3	10.2057E+0	879.4666E-6	2.0000E+0	97.1018E-9	20.5000E+0		30.9923E+0	-1.0896E-3	000.0000E-3	30.9918E+0	1.0894E-3	3.0000E+0	96.9596E-9	20.5000E+0		51.6172E+0	-1.2150E-3	000.0000E-3	51.6164E+0	1.2148E-3	4.0000E+0	96.3833E-9	20.5000E+0		72.3682E+0	-1.2917E-3	000.0000E-3	72.3671E+0	1.2914E-3	5.0000E+0	95.9482E-9	20.5000E+0	
10.2375E+0	-891.1628E-6	000.0000E-3	10.2374E+0	890.8801E-6	2.0000E+0	99.5374E-9	21.0000E+0		31.0240E+0	-1.1020E-3	000.0000E-3	31.0236E+0	1.1017E-3	3.0000E+0	99.3297E-9	21.0000E+0		51.6489E+0	-1.2277E-3	000.0000E-3	51.6481E+0	1.2274E-3	4.0000E+0	98.8388E-9	21.0000E+0		72.3999E+0	-1.3057E-3	000.0000E-3	72.3988E+0	1.3054E-3	5.0000E+0	98.3159E-9	21.0000E+0	
10.2692E+0	-902.6222E-6	000.0000E-3	10.2691E+0	902.3342E-6	2.0000E+0	102.0265E-9	21.5000E+0		31.0557E+0	-1.1143E-3	000.0000E-3	31.0552E+0	1.1140E-3	3.0000E+0	101.7603E-9	21.5000E+0		51.6806E+0	-1.2406E-3	000.0000E-3	51.6798E+0	1.2403E-3	4.0000E+0	101.2150E-9	21.5000E+0		72.4316E+0	-1.3186E-3	000.0000E-3	72.4305E+0	1.3183E-3	5.0000E+0	100.7199E-9	21.5000E+0	
10.3009E+0	-914.0372E-6	000.0000E-3	10.3008E+0	913.7502E-6	2.0000E+0	104.4010E-9	22.0000E+0		31.0875E+0	-1.1258E-3	000.0000E-3	31.0870E+0	1.1255E-3	3.0000E+0	104.3172E-9	22.0000E+0		51.7123E+0	-1.2531E-3	000.0000E-3	51.7115E+0	1.2528E-3	4.0000E+0	103.6812E-9	22.0000E+0		72.4633E+0	-1.3322E-3	000.0000E-3	72.4622E+0	1.3319E-3	5.0000E+0	103.0994E-9	22.0000E+0	
10.3327E+0	-925.0522E-6	000.0000E-3	10.3325E+0	924.7655E-6	2.0000E+0	107.0082E-9	22.5000E+0		31.1192E+0	-1.1379E-3	000.0000E-3	31.1187E+0	1.1376E-3	3.0000E+0	106.7210E-9	22.5000E+0		51.7440E+0	-1.2657E-3	000.0000E-3	51.7432E+0	1.2654E-3	4.0000E+0	106.0635E-9	22.5000E+0		72.4950E+0	-1.3452E-3	000.0000E-3	72.4939E+0	1.3449E-3	5.0000E+0	105.5630E-9	22.5000E+0	
10.3643E+0	-936.1398E-6	000.0000E-3	10.3642E+0	935.8519E-6	2.0000E+0	109.5307E-9	23.0000E+0		31.1509E+0	-1.1495E-3	000.0000E-3	31.1504E+0	1.1492E-3	3.0000E+0	109.2407E-9	23.0000E+0		51.7757E+0	-1.2779E-3	000.0000E-3	51.7749E+0	1.2776E-3	4.0000E+0	108.5487E-9	23.0000E+0		72.5267E+0	-1.3578E-3	000.0000E-3	72.5256E+0	1.3575E-3	5.0000E+0	107.9776E-9	23.0000E+0	
10.3960E+0	-946.4461E-6	000.0000E-3	10.3959E+0	946.1606E-6	2.0000E+0	112.1683E-9	23.5000E+0		31.1826E+0	-1.1610E-3	000.0000E-3	31.1821E+0	1.1607E-3	3.0000E+0	111.7493E-9	23.5000E+0		51.8074E+0	-1.2898E-3	000.0000E-3	51.8066E+0	1.2895E-3	4.0000E+0	111.0403E-9	23.5000E+0		72.5584E+0	-1.3704E-3	000.0000E-3	72.5573E+0	1.3701E-3	5.0000E+0	110.4191E-9	23.5000E+0	
10.4277E+0	-957.0661E-6	000.0000E-3	10.4276E+0	956.7847E-6	2.0000E+0	114.9273E-9	24.0000E+0		31.2143E+0	-1.1721E-3	000.0000E-3	31.2138E+0	1.1718E-3	3.0000E+0	114.4222E-9	24.0000E+0		51.8391E+0	-1.3011E-3	000.0000E-3	51.8383E+0	1.3008E-3	4.0000E+0	113.6011E-9	24.0000E+0		72.5901E+0	-1.3824E-3	000.0000E-3	72.5890E+0	1.3821E-3	5.0000E+0	112.9935E-9	24.0000E+0	
10.4594E+0	-967.3427E-6	000.0000E-3	10.4593E+0	967.0567E-6	2.0000E+0	117.7916E-9	24.5000E+0		31.2460E+0	-1.1830E-3	000.0000E-3	31.2455E+0	1.1827E-3	3.0000E+0	117.1502E-9	24.5000E+0		51.8708E+0	-1.3126E-3	000.0000E-3	51.8700E+0	1.3123E-3	4.0000E+0	116.3220E-9	24.5000E+0		72.6218E+0	-1.3949E-3	000.0000E-3	72.6207E+0	1.3946E-3	5.0000E+0	115.6387E-9	24.5000E+0	
10.4911E+0	-977.0477E-6	000.0000E-3	10.4910E+0	976.7555E-6	2.0000E+0	120.9951E-9	25.0000E+0		31.2777E+0	-1.1937E-3	000.0000E-3	31.2772E+0	1.1934E-3	3.0000E+0	120.1124E-9	25.0000E+0		51.9025E+0	-1.3238E-3	000.0000E-3	51.9017E+0	1.3235E-3	4.0000E+0	119.2438E-9	25.0000E+0		72.6536E+0	-1.4066E-3	000.0000E-3	72.6524E+0	1.4063E-3	5.0000E+0	118.3832E-9	25.0000E+0	
10.5228E+0	-986.6761E-6	000.0000E-3	10.5227E+0	986.3785E-6	2.0000E+0	124.5126E-9	25.5000E+0		31.3094E+0	-1.2043E-3	000.0000E-3	31.3089E+0	1.2040E-3	3.0000E+0	123.3415E-9	25.5000E+0		51.9342E+0	-1.3353E-3	000.0000E-3	51.9334E+0	1.3350E-3	4.0000E+0	122.2989E-9	25.5000E+0		72.6852E+0	-1.4186E-3	000.0000E-3	72.6841E+0	1.4183E-3	5.0000E+0	121.3873E-9	25.5000E+0	
10.5546E+0	-995.7235E-6	000.0000E-3	10.5544E+0	995.4319E-6	2.0000E+0	128.5337E-9	26.0000E+0		31.3411E+0	-1.2141E-3	000.0000E-3	31.3406E+0	1.2138E-3	3.0000E+0	126.9443E-9	26.0000E+0		51.9659E+0	-1.3460E-3	000.0000E-3	51.9651E+0	1.3457E-3	4.0000E+0	125.7633E-9	26.0000E+0		72.7169E+0	-1.4296E-3	000.0000E-3	72.7158E+0	1.4293E-3	5.0000E+0	124.6405E-9	26.0000E+0	
10.5863E+0	-1.0045E-3	000.0000E-3	10.5861E+0	1.0042E-3	2.0000E+0	133.3773E-9	26.5000E+0		31.3728E+0	-1.2236E-3	000.0000E-3	31.3723E+0	1.2233E-3	3.0000E+0	131.2286E-9	26.5000E+0		51.9976E+0	-1.3561E-3	000.0000E-3	51.9968E+0	1.3558E-3	4.0000E+0	129.7702E-9	26.5000E+0		72.7487E+0	-1.4401E-3	000.0000E-3	72.7475E+0	1.4398E-3	5.0000E+0	128.3940E-9	26.5000E+0	
10.6180E+0	-1.0128E-3	000.0000E-3	10.6178E+0	1.0125E-3	2.0000E+0	138.9831E-9	27.0000E+0		31.4045E+0	-1.2328E-3	000.0000E-3	31.4041E+0	1.2325E-3	3.0000E+0	136.2222E-9	27.0000E+0		52.0293E+0	-1.3658E-3	000.0000E-3	52.0285E+0	1.3655E-3	4.0000E+0	134.4297E-9	27.0000E+0		72.7803E+0	-1.4506E-3	000.0000E-3	72.7792E+0	1.4503E-3	5.0000E+0	132.6535E-9	27.0000E+0	
10.6497E+0	-1.0205E-3	000.0000E-3	10.6495E+0	1.0202E-3	2.0000E+0	146.0294E-9	27.5000E+0		31.4363E+0	-1.2417E-3	000.0000E-3	31.4358E+0	1.2414E-3	3.0000E+0	142.4290E-9	27.5000E+0		52.0610E+0	-1.3749E-3	000.0000E-3	52.0602E+0	1.3746E-3	4.0000E+0	140.2334E-9	27.5000E+0		72.8121E+0	-1.4604E-3	000.0000E-3	72.8109E+0	1.4601E-3	5.0000E+0	138.1139E-9	27.5000E+0	
10.6814E+0	-1.0288E-3	000.0000E-3	10.6812E+0	1.0285E-3	2.0000E+0	154.8597E-9	28.0000E+0		31.4680E+0	-1.2497E-3	000.0000E-3	31.4675E+0	1.2494E-3	3.0000E+0	150.1927E-9	28.0000E+0		52.0927E+0	-1.3839E-3	000.0000E-3	52.0919E+0	1.3836E-3	4.0000E+0	147.6623E-9	28.0000E+0		72.8438E+0	-1.4699E-3	000.0000E-3	72.8426E+0	1.4696E-3	5.0000E+0	144.3706E-9	28.0000E+0	
10.7131E+0	-1.0364E-3	000.0000E-3	10.7129E+0	1.0361E-3	2.0000E+0	166.4438E-9	28.5000E+0		31.4997E+0	-1.2583E-3	000.0000E-3	31.4992E+0	1.2580E-3	3.0000E+0	160.2729E-9	28.5000E+0		52.1245E+0	-1.3924E-3	000.0000E-3	52.1236E+0	1.3921E-3	4.0000E+0	156.4947E-9	28.5000E+0		72.8755E+0	-1.4797E-3	000.0000E-3	72.8743E+0	1.4794E-3	5.0000E+0	152.7119E-9	28.5000E+0	
10.7448E+0	-1.0440E-3	000.0000E-3	10.7446E+0	1.0437E-3	2.0000E+0	181.4781E-9	29.0000E+0		31.5314E+0	-1.2662E-3	000.0000E-3	31.5309E+0	1.2658E-3	3.0000E+0	173.5066E-9	29.0000E+0		52.1561E+0	-1.4013E-3	000.0000E-3	52.1553E+0	1.4010E-3	4.0000E+0	169.2766E-9	29.0000E+0		72.9072E+0	-1.4883E-3	000.0000E-3	72.9060E+0	1.4880E-3	5.0000E+0	163.5728E-9	29.0000E+0	
10.7765E+0	-1.0514E-3	000.0000E-3	10.7763E+0	1.0510E-3	2.0000E+0	201.8076E-9	29.5000E+0		31.5631E+0	-1.2739E-3	000.0000E-3	31.5626E+0	1.2735E-3	3.0000E+0	191.1936E-9	29.5000E+0		52.1879E+0	-1.4101E-3	000.0000E-3	52.1870E+0	1.4097E-3	4.0000E+0	185.9286E-9	29.5000E+0		72.9389E+0	-1.4976E-3	000.0000E-3	72.9377E+0	1.4972E-3	5.0000E+0	178.3915E-9	29.5000E+0	
10.8082E+0	-1.0586E-3	000.0000E-3	10.8081E+0	1.0582E-3	2.0000E+0	230.4567E-9	30.0000E+0		31.5948E+0	-1.2814E-3	000.0000E-3	31.5943E+0	1.2811E-3	3.0000E+0	214.5914E-9	30.0000E+0		52.2196E+0	-1.4182E-3	000.0000E-3	52.2188E+0	1.4179E-3	4.0000E+0	208.9240E-9	30.0000E+0		72.9706E+0	-1.5071E-3	000.0000E-3	72.9694E+0	1.5067E-3	5.0000E+0	200.3562E-9	30.0000E+0	
10.8399E+0	-1.0588E-3	000.0000E-3	10.8398E+0	1.0585E-3	2.0000E+0	232.3063E-9	30.0000E+0		31.6265E+0	-1.2812E-3	000.0000E-3	31.6260E+0	1.2809E-3	3.0000E+0	216.0407E-9	30.0000E+0		52.2513E+0	-1.4173E-3	000.0000E-3	52.2504E+0	1.4170E-3	4.0000E+0	209.8227E-9	30.0000E+0		73.0023E+0	-1.5065E-3	000.0000E-3	73.0011E+0	1.5062E-3	5.0000E+0	201.2261E-9	30.0000E+0	
10.8717E+0	-1.0511E-3	000.0000E-3	10.8715E+0	1.0507E-3	2.0000E+0	204.4137E-9	29.5000E+0		31.6582E+0	-1.2729E-3	000.0000E-3	31.6577E+0	1.2725E-3	3.0000E+0	192.6206E-9	29.5000E+0		52.2830E+0	-1.4085E-3	000.0000E-3	52.2822E+0	1.4082E-3	4.0000E+0	188.4445E-9	29.5000E+0		73.0340E+0	-1.4968E-3	000.0000E-3	73.0329E+0	1.4965E-3	5.0000E+0	181.9395E-9	29.5000E+0	
10.9034E+0	-1.0433E-3	000.0000E-3	10.9032E+0	1.0430E-3	2.0000E+0	183.0251E-9	29.0000E+0		31.6899E+0	-1.2647E-3	000.0000E-3	31.6894E+0	1.2644E-3	3.0000E+0	174.5587E-9	29.0000E+0		52.3147E+0	-1.3994E-3	000.0000E-3	52.3139E+0	1.3990E-3	4.0000E+0	171.0595E-9	29.0000E+0		73.0657E+0	-1.4873E-3	000.0000E-3	73.0646E+0	1.4870E-3	5.0000E+0	166.7662E-9	29.0000E+0	
10.9351E+0	-1.0353E-3	000.0000E-3	10.9349E+0	1.0350E-3	2.0000E+0	166.5944E-9	28.5000E+0		31.7216E+0	-1.2562E-3	000.0000E-3	31.7211E+0	1.2558E-3	3.0000E+0	160.8704E-9	28.5000E+0		52.3464E+0	-1.3900E-3	000.0000E-3	52.3456E+0	1.3897E-3	4.0000E+0	158.1364E-9	28.5000E+0		73.0974E+0	-1.4767E-3	000.0000E-3	73.0963E+0	1.4764E-3	5.0000E+0	154.3370E-9	28.5000E+0	
10.9668E+0	-1.0275E-3	000.0000E-3	10.9666E+0	1.0271E-3	2.0000E+0	154.4079E-9	28.0000E+0		31.7534E+0	-1.2478E-3	000.0000E-3	31.7528E+0	1.2475E-3	3.0000E+0	150.1842E-9	28.0000E+0		52.3781E+0	-1.3802E-3	000.0000E-3	52.3773E+0	1.3799E-3	4.0000E+0	147.4080E-9	28.0000E+0		73.1291E+0	-1.4667E-3	000.0000E-3	73.1280E+0	1.4664E-3	5.0000E+0	144.6532E-9	28.0000E+0	
10.9985E+0	-1.0191E-3	000.0000E-3	10.9983E+0	1.0187E-3	2.0000E+0	144.9292E-9	27.5000E+0		31.7850E+0	-1.2391E-3	000.0000E-3	31.7845E+0	1.2388E-3	3.0000E+0	141.8271E-9	27.5000E+0		52.4098E+0	-1.3712E-3	000.0000E-3	52.4090E+0	1.3709E-3	4.0000E+0	139.9779E-9	27.5000E+0		73.1609E+0	-1.4564E-3	000.0000E-3	73.1597E+0	1.4561E-3	5.0000E+0	137.7000E-9	27.5000E+0	
11.0302E+0	-1.0110E-3	000.0000E-3	11.0300E+0	1.0107E-3	2.0000E+0	137.5332E-9	27.0000E+0		31.8168E+0	-1.2304E-3	000.0000E-3	31.8162E+0	1.2301E-3	3.0000E+0	135.0775E-9	27.0000E+0		52.4415E+0	-1.3612E-3	000.0000E-3	52.4407E+0	1.3609E-3	4.0000E+0	133.6182E-9	27.0000E+0		73.1926E+0	-1.4463E-3	000.0000E-3	73.1914E+0	1.4460E-3	5.0000E+0	131.7573E-9	27.0000E+0	
11.0619E+0	-1.0026E-3	000.0000E-3	11.0618E+0	1.0023E-3	2.0000E+0	131.4919E-9	26.5000E+0		31.8485E+0	-1.2213E-3	000.0000E-3	31.8480E+0	1.2210E-3	3.0000E+0	129.7474E-9	26.5000E+0		52.4732E+0	-1.3512E-3	000.0000E-3	52.4724E+0	1.3509E-3	4.0000E+0	128.2984E-9	26.5000E+0		73.2243E+0	-1.4355E-3	000.0000E-3	73.2231E+0	1.4352E-3	5.0000E+0	126.9161E-9	26.5000E+0	
11.0936E+0	-994.0878E-6	000.0000E-3	11.0935E+0	993.8037E-6	2.0000E+0	126.4965E-9	26.0000E+0		31.8802E+0	-1.2121E-3	000.0000E-3	31.8797E+0	1.2118E-3	3.0000E+0	125.1416E-9	26.0000E+0		52.5049E+0	-1.3407E-3	000.0000E-3	52.5041E+0	1.3404E-3	4.0000E+0	123.9823E-9	26.0000E+0		73.2560E+0	-1.4248E-3	000.0000E-3	73.2548E+0	1.4245E-3	5.0000E+0	122.7925E-9	26.0000E+0	
11.1253E+0	-985.3299E-6	000.0000E-3	11.1252E+0	985.0388E-6	2.0000E+0	122.2805E-9	25.5000E+0		31.9119E+0	-1.2026E-3	000.0000E-3	31.9114E+0	1.2023E-3	3.0000E+0	121.1946E-9	25.5000E+0		52.5366E+0	-1.3303E-3	000.0000E-3	52.5358E+0	1.3300E-3	4.0000E+0	120.2090E-9	25.5000E+0		73.2877E+0	-1.4133E-3	000.0000E-3	73.2865E+0	1.4130E-3	5.0000E+0	119.2398E-9	25.5000E+0	
11.1570E+0	-976.0581E-6	000.0000E-3	11.1569E+0	975.7626E-6	2.0000E+0	118.5925E-9	25.0000E+0		31.9436E+0	-1.1925E-3	000.0000E-3	31.9431E+0	1.1922E-3	3.0000E+0	117.7755E-9	25.0000E+0		52.5683E+0	-1.3192E-3	000.0000E-3	52.5675E+0	1.3189E-3	4.0000E+0	116.9249E-9	25.0000E+0		73.3194E+0	-1.4019E-3	000.0000E-3	73.3182E+0	1.4016E-3	5.0000E+0	116.0455E-9	25.0000E+0	
11.1888E+0	-966.2724E-6	000.0000E-3	11.1886E+0	965.9833E-6	2.0000E+0	115.2946E-9	24.5000E+0		31.9753E+0	-1.1820E-3	000.0000E-3	31.9748E+0	1.1817E-3	3.0000E+0	114.6439E-9	24.5000E+0		52.6000E+0	-1.3077E-3	000.0000E-3	52.5992E+0	1.3074E-3	4.0000E+0	113.8984E-9	24.5000E+0		73.3511E+0	-1.3896E-3	000.0000E-3	73.3499E+0	1.3893E-3	5.0000E+0	113.0719E-9	24.5000E+0	
11.2205E+0	-956.0846E-6	000.0000E-3	11.2203E+0	955.7989E-6	2.0000E+0	112.2771E-9	24.0000E+0		32.0070E+0	-1.1711E-3	000.0000E-3	32.0065E+0	1.1708E-3	3.0000E+0	111.7569E-9	24.0000E+0		52.6318E+0	-1.2958E-3	000.0000E-3	52.6309E+0	1.2955E-3	4.0000E+0	111.1368E-9	24.0000E+0		73.3828E+0	-1.3766E-3	000.0000E-3	73.3817E+0	1.3763E-3	5.0000E+0	110.3250E-9	24.0000E+0	
11.2522E+0	-945.4096E-6	000.0000E-3	11.2520E+0	945.1204E-6	2.0000E+0	109.4527E-9	23.5000E+0		32.0387E+0	-1.1598E-3	000.0000E-3	32.0382E+0	1.1595E-3	3.0000E+0	109.0081E-9	23.5000E+0		52.6635E+0	-1.2838E-3	000.0000E-3	52.6626E+0	1.2835E-3	4.0000E+0	108.4670E-9	23.5000E+0		73.4145E+0	-1.3641E-3	000.0000E-3	73.4134E+0	1.3638E-3	5.0000E+0	107.7093E-9	23.5000E+0	
11.2839E+0	-934.4017E-6	000.0000E-3	11.2837E+0	934.1092E-6	2.0000E+0	106.8109E-9	23.0000E+0		32.0704E+0	-1.1481E-3	000.0000E-3	32.0699E+0	1.1479E-3	3.0000E+0	106.4197E-9	23.0000E+0		52.6952E+0	-1.2715E-3	000.0000E-3	52.6943E+0	1.2712E-3	4.0000E+0	105.8366E-9	23.0000E+0		73.4463E+0	-1.3514E-3	000.0000E-3	73.4451E+0	1.3511E-3	5.0000E+0	105.1512E-9	23.0000E+0	
11.3156E+0	-923.3160E-6	000.0000E-3	11.3154E+0	923.0350E-6	2.0000E+0	104.2089E-9	22.5000E+0		32.1021E+0	-1.1364E-3	000.0000E-3	32.1016E+0	1.1361E-3	3.0000E+0	103.8294E-9	22.5000E+0		52.7269E+0	-1.2592E-3	000.0000E-3	52.7260E+0	1.2589E-3	4.0000E+0	103.3603E-9	22.5000E+0		73.4780E+0	-1.3379E-3	000.0000E-3	73.4768E+0	1.3376E-3	5.0000E+0	102.6975E-9	22.5000E+0	
11.3473E+0	-912.0262E-6	000.0000E-3	11.3471E+0	911.7363E-6	2.0000E+0	101.6816E-9	22.0000E+0		32.1338E+0	-1.1244E-3	000.0000E-3	32.1333E+0	1.1241E-3	3.0000E+0	101.3243E-9	22.0000E+0		52.7586E+0	-1.2463E-3	000.0000E-3	52.7578E+0	1.2460E-3	4.0000E+0	100.8230E-9	22.0000E+0		73.5097E+0	-1.3248E-3	000.0000E-3	73.5085E+0	1.3245E-3	5.0000E+0	100.2118E-9	22.0000E+0	
11.3790E+0	-900.5350E-6	000.0000E-3	11.3788E+0	900.2481E-6	2.0000E+0	99.1747E-9	21.5000E+0		32.1655E+0	-1.1120E-3	000.0000E-3	32.1650E+0	1.1117E-3	3.0000E+0	98.8757E-9	21.5000E+0		52.7903E+0	-1.2333E-3	000.0000E-3	52.7895E+0	1.2330E-3	4.0000E+0	98.3750E-9	21.5000E+0		73.5414E+0	-1.3114E-3	000.0000E-3	73.5403E+0	1.3111E-3	5.0000E+0	97.7569E-9	21.5000E+0	
11.4107E+0	-888.5203E-6	000.0000E-3	11.4105E+0	888.2285E-6	2.0000E+0	96.6838E-9	21.0000E+0		32.1972E+0	-1.0998E-3	000.0000E-3	32.1967E+0	1.0995E-3	3.0000E+0	96.4375E-9	21.0000E+0		52.8220E+0	-1.2204E-3	000.0000E-3	52.8212E+0	1.2201E-3	4.0000E+0	95.9666E-9	21.0000E+0		73.5731E+0	-1.2976E-3	000.0000E-3	73.5720E+0	1.2973E-3	5.0000E+0	95.3482E-9	21.0000E+0	
11.4424E+0	-876.6887E-6	000.0000E-3	11.4422E+0	876.4029E-6	2.0000E+0	94.2267E-9	20.5000E+0		32.2289E+0	-1.0873E-3	000.0000E-3	32.2284E+0	1.0870E-3	3.0000E+0	93.9763E-9	20.5000E+0		52.8537E+0	-1.2070E-3	000.0000E-3	52.8529E+0	1.2067E-3	4.0000E+0	93.4953E-9	20.5000E+0		73.6049E+0	-1.2834E-3	000.0000E-3	73.6037E+0	1.2831E-3	5.0000E+0	92.9372E-9	20.5000E+0	
11.4741E+0	-864.8041E-6	000.0000E-3	11.4739E+0	864.5134E-6	2.0000E+0	91.7448E-9	20.0000E+0		32.2606E+0	-1.0746E-3	000.0000E-3	32.2601E+0	1.0743E-3	3.0000E+0	91.4887E-9	20.0000E+0		52.8854E+0	-1.1937E-3	000.0000E-3	52.8846E+0	1.1934E-3	4.0000E+0	91.0857E-9	20.0000E+0		73.6366E+0	-1.2697E-3	000.0000E-3	73.6354E+0	1.2694E-3	5.0000E+0	90.5587E-9	20.0000E+0	
11.5058E+0	-852.6281E-6	000.0000E-3	11.5057E+0	852.3363E-6	2.0000E+0	89.3322E-9	19.5000E+0		32.2923E+0	-1.0619E-3	000.0000E-3	32.2918E+0	1.0616E-3	3.0000E+0	89.0625E-9	19.5000E+0		52.9171E+0	-1.1801E-3	000.0000E-3	52.9163E+0	1.1798E-3	4.0000E+0	88.6553E-9	19.5000E+0		73.6683E+0	-1.2557E-3	000.0000E-3	73.6671E+0	1.2554E-3	5.0000E+0	88.0757E-9	19.5000E+0	
11.5375E+0	-840.3460E-6	000.0000E-3	11.5374E+0	840.0474E-6	2.0000E+0	86.8865E-9	19.0000E+0		32.3240E+0	-1.0484E-3	000.0000E-3	32.3235E+0	1.0481E-3	3.0000E+0	86.5934E-9	19.0000E+0		52.9488E+0	-1.1662E-3	000.0000E-3	52.9480E+0	1.1660E-3	4.0000E+0	86.2443E-9	19.0000E+0		73.7000E+0	-1.2410E-3	000.0000E-3	73.6988E+0	1.2407E-3	5.0000E+0	85.6968E-9	19.0000E+0	
11.5692E+0	-827.9455E-6	000.0000E-3	11.5691E+0	827.6556E-6	2.0000E+0	84.3419E-9	18.5000E+0		32.3557E+0	-1.0349E-3	000.0000E-3	32.3552E+0	1.0346E-3	3.0000E+0	84.1882E-9	18.5000E+0		52.9805E+0	-1.1520E-3	000.0000E-3	52.9797E+0	1.1517E-3	4.0000E+0	83.8574E-9	18.5000E+0		73.7317E+0	-1.2260E-3	000.0000E-3	73.7305E+0	1.2257E-3	5.0000E+0	83.3435E-9	18.5000E+0	
11.6009E+0	-815.1954E-6	000.0000E-3	11.6008E+0	814.9024E-6	2.0000E+0	81.9596E-9	18.0000E+0		32.3874E+0	-1.0215E-3	000.0000E-3	32.3869E+0	1.0212E-3	3.0000E+0	81.7453E-9	18.0000E+0		53.0122E+0	-1.1379E-3	000.0000E-3	53.0114E+0	1.1376E-3	4.0000E+0	81.3728E-9	18.0000E+0		73.7634E+0	-1.2115E-3	000.0000E-3	73.7622E+0	1.2112E-3	5.0000E+0	80.8536E-9	18.0000E+0	
11.6326E+0	-802.3807E-6	000.0000E-3	11.6325E+0	802.0895E-6	2.0000E+0	79.4838E-9	17.5000E+0		32.4192E+0	-1.0080E-3	000.0000E-3	32.4186E+0	1.0077E-3	3.0000E+0	79.2858E-9	17.5000E+0		53.0439E+0	-1.1238E-3	000.0000E-3	53.0431E+0	1.1235E-3	4.0000E+0	78.9577E-9	17.5000E+0		73.7951E+0	-1.1964E-3	000.0000E-3	73.7939E+0	1.1961E-3	5.0000E+0	78.4849E-9	17.5000E+0	
11.6643E+0	-789.3688E-6	000.0000E-3	11.6642E+0	789.0805E-6	2.0000E+0	77.0791E-9	17.0000E+0		32.4509E+0	-993.9222E-6	000.0000E-3	32.4504E+0	993.6342E-6	3.0000E+0	76.8841E-9	17.0000E+0		53.0756E+0	-1.1092E-3	000.0000E-3	53.0748E+0	1.1089E-3	4.0000E+0	76.5650E-9	17.0000E+0		73.8268E+0	-1.1815E-3	000.0000E-3	73.8257E+0	1.1812E-3	5.0000E+0	76.0858E-9	17.0000E+0	
11.6960E+0	-776.3095E-6	000.0000E-3	11.6959E+0	776.0191E-6	2.0000E+0	74.6500E-9	16.5000E+0		32.4826E+0	-979.9410E-6	000.0000E-3	32.4821E+0	979.6487E-6	3.0000E+0	74.3766E-9	16.5000E+0		53.1073E+0	-1.0943E-3	000.0000E-3	53.1065E+0	1.0940E-3	4.0000E+0	74.1648E-9	16.5000E+0		73.8585E+0	-1.1660E-3	000.0000E-3	73.8573E+0	1.1657E-3	5.0000E+0	73.6507E-9	16.5000E+0	
11.7278E+0	-763.1932E-6	000.0000E-3	11.7276E+0	762.9058E-6	2.0000E+0	72.1680E-9	16.0000E+0		32.5143E+0	-965.4522E-6	000.0000E-3	32.5138E+0	965.1578E-6	3.0000E+0	72.0717E-9	16.0000E+0		53.1391E+0	-1.0793E-3	000.0000E-3	53.1382E+0	1.0790E-3	4.0000E+0	71.7668E-9	16.0000E+0		73.8902E+0	-1.1508E-3	000.0000E-3	73.8891E+0	1.1505E-3	5.0000E+0	71.2929E-9	16.0000E+0	
11.7595E+0	-749.5796E-6	000.0000E-3	11.7593E+0	749.2868E-6	2.0000E+0	69.7896E-9	15.5000E+0		32.5460E+0	-950.8298E-6	000.0000E-3	32.5455E+0	950.5388E-6	3.0000E+0	69.6026E-9	15.5000E+0		53.1708E+0	-1.0639E-3	000.0000E-3	53.1699E+0	1.0636E-3	4.0000E+0	69.3652E-9	15.5000E+0		73.9219E+0	-1.1348E-3	000.0000E-3	73.9208E+0	1.1345E-3	5.0000E+0	68.8747E-9	15.5000E+0	
11.7912E+0	-735.8161E-6	000.0000E-3	11.7910E+0	735.5265E-6	2.0000E+0	67.2996E-9	15.0000E+0		32.5777E+0	-935.9405E-6	000.0000E-3	32.5772E+0	935.6537E-6	3.0000E+0	67.1531E-9	15.0000E+0		53.2025E+0	-1.0483E-3	000.0000E-3	53.2016E+0	1.0480E-3	4.0000E+0	66.9944E-9	15.0000E+0		73.9536E+0	-1.1190E-3	000.0000E-3	73.9525E+0	1.1187E-3	5.0000E+0	66.5159E-9	15.0000E+0	
11.8229E+0	-722.1026E-6	000.0000E-3	11.8227E+0	721.8121E-6	2.0000E+0	64.8875E-9	14.5000E+0		32.6094E+0	-920.6891E-6	000.0000E-3	32.6089E+0	920.3964E-6	3.0000E+0	64.7830E-9	14.5000E+0		53.2342E+0	-1.0324E-3	000.0000E-3	53.2333E+0	1.0321E-3	4.0000E+0	64.5800E-9	14.5000E+0		73.9853E+0	-1.1024E-3	000.0000E-3	73.9841E+0	1.1021E-3	5.0000E+0	64.0665E-9	14.5000E+0	
11.8546E+0	-707.9997E-6	000.0000E-3	11.8545E+0	707.7146E-6	2.0000E+0	62.4246E-9	14.0000E+0		32.6411E+0	-905.2088E-6	000.0000E-3	32.6406E+0	904.9107E-6	3.0000E+0	62.2820E-9	14.0000E+0		53.2659E+0	-1.0164E-3	000.0000E-3	53.2650E+0	1.0161E-3	4.0000E+0	62.1443E-9	14.0000E+0		74.0170E+0	-1.0861E-3	000.0000E-3	74.0158E+0	1.0858E-3	5.0000E+0	61.7476E-9	14.0000E+0	
11.8864E+0	-693.8479E-6	000.0000E-3	11.8862E+0	693.5570E-6	2.0000E+0	59.9657E-9	13.5000E+0		32.6728E+0	-889.6880E-6	000.0000E-3	32.6723E+0	889.4003E-6	3.0000E+0	59.8740E-9	13.5000E+0		53.2976E+0	-999.9654E-6	000.0000E-3	53.2967E+0	999.6754E-6	4.0000E+0	59.7561E-9	13.5000E+0		74.0487E+0	-1.0696E-3	000.0000E-3	74.0475E+0	1.0693E-3	5.0000E+0	59.3566E-9	13.5000E+0	
11.9181E+0	-679.4308E-6	000.0000E-3	11.9179E+0	679.1478E-6	2.0000E+0	57.6000E-9	13.0000E+0		32.7045E+0	-873.7082E-6	000.0000E-3	32.7040E+0	873.4224E-6	3.0000E+0	57.4384E-9	13.0000E+0		53.3293E+0	-983.5069E-6	000.0000E-3	53.3284E+0	983.2034E-6	4.0000E+0	57.3857E-9	13.0000E+0		74.0804E+0	-1.0521E-3	000.0000E-3	74.0793E+0	1.0518E-3	5.0000E+0	56.9280E-9	13.0000E+0	
11.9498E+0	-664.7443E-6	000.0000E-3	11.9496E+0	664.4638E-6	2.0000E+0	55.1498E-9	12.5000E+0		32.7362E+0	-857.6110E-6	000.0000E-3	32.7357E+0	857.3186E-6	3.0000E+0	54.9845E-9	12.5000E+0		53.3610E+0	-967.0113E-6	000.0000E-3	53.3601E+0	966.7168E-6	4.0000E+0	54.9737E-9	12.5000E+0		74.1121E+0	-1.0351E-3	000.0000E-3	74.1109E+0	1.0348E-3	5.0000E+0	54.5434E-9	12.5000E+0	
11.9815E+0	-650.0785E-6	000.0000E-3	11.9813E+0	649.7939E-6	2.0000E+0	52.7102E-9	12.0000E+0		32.7680E+0	-841.0355E-6	000.0000E-3	32.7674E+0	840.7437E-6	3.0000E+0	52.6433E-9	12.0000E+0		53.3927E+0	-949.8841E-6	000.0000E-3	53.3919E+0	949.5919E-6	4.0000E+0	52.5928E-9	12.0000E+0		74.1438E+0	-1.0182E-3	000.0000E-3	74.1426E+0	1.0179E-3	5.0000E+0	52.1553E-9	12.0000E+0	
12.0132E+0	-635.2754E-6	000.0000E-3	12.0130E+0	634.9854E-6	2.0000E+0	50.3197E-9	11.5000E+0		32.7997E+0	-824.5913E-6	000.0000E-3	32.7992E+0	824.3010E-6	3.0000E+0	50.1735E-9	11.5000E+0		53.4244E+0	-932.7462E-6	000.0000E-3	53.4236E+0	932.4523E-6	4.0000E+0	50.1796E-9	11.5000E+0		74.1755E+0	-999.9432E-6	000.0000E-3	74.1743E+0	999.6442E-6	5.0000E+0	49.8201E-9	11.5000E+0	
12.0449E+0	-619.9903E-6	000.0000E-3	12.0447E+0	619.6999E-6	2.0000E+0	47.8955E-9	11.0000E+0		32.8314E+0	-807.3338E-6	000.0000E-3	32.8309E+0	807.0440E-6	3.0000E+0	47.7820E-9	11.0000E+0		53.4561E+0	-915.0021E-6	000.0000E-3	53.4553E+0	914.7082E-6	4.0000E+0	47.8379E-9	11.0000E+0		74.2072E+0	-981.9515E-6	000.0000E-3	74.2060E+0	981.6550E-6	5.0000E+0	47.4035E-9	11.0000E+0	
12.0766E+0	-604.7883E-6	000.0000E-3	12.0764E+0	604.4915E-6	2.0000E+0	45.4376E-9	10.5000E+0		32.8631E+0	-790.1349E-6	000.0000E-3	32.8626E+0	789.8379E-6	3.0000E+0	45.3917E-9	10.5000E+0		53.4878E+0	-897.1334E-6	000.0000E-3	53.4870E+0	896.8366E-6	4.0000E+0	45.3785E-9	10.5000E+0		74.2389E+0	-963.4129E-6	000.0000E-3	74.2378E+0	963.1162E-6	5.0000E+0	45.0189E-9	10.5000E+0	
12.1083E+0	-589.4164E-6	000.0000E-3	12.1081E+0	589.1268E-6	2.0000E+0	43.0157E-9	10.0000E+0		32.8948E+0	-772.6975E-6	000.0000E-3	32.8943E+0	772.4018E-6	3.0000E+0	42.9851E-9	10.0000E+0		53.5195E+0	-879.3454E-6	000.0000E-3	53.5187E+0	879.0466E-6	4.0000E+0	42.9277E-9	10.0000E+0		74.2706E+0	-944.9576E-6	000.0000E-3	74.2695E+0	944.6612E-6	5.0000E+0	42.6465E-9	10.0000E+0	
12.1400E+0	-573.8694E-6	000.0000E-3	12.1398E+0	573.5831E-6	2.0000E+0	40.5896E-9	9.5000E+0		32.9265E+0	-755.0074E-6	000.0000E-3	32.9260E+0	754.7202E-6	3.0000E+0	40.5691E-9	9.5000E+0		53.5512E+0	-860.7120E-6	000.0000E-3	53.5504E+0	860.4170E-6	4.0000E+0	40.4865E-9	9.5000E+0		74.3023E+0	-926.3444E-6	000.0000E-3	74.3012E+0	926.0397E-6	5.0000E+0	40.2631E-9	9.5000E+0	
12.3751E+0	-556.5560E-6	000.0000E-3	12.3749E+0	556.2616E-6	2.0000E+0	39.1294E-9	9.0000E+0		33.1616E+0	-734.9667E-6	000.0000E-3	33.1610E+0	734.6708E-6	3.0000E+0	39.1557E-9	9.0000E+0		53.7862E+0	-840.6270E-6	000.0000E-3	53.7854E+0	840.3272E-6	4.0000E+0	39.0135E-9	9.0000E+0		74.5373E+0	-906.8671E-6	000.0000E-3	74.5362E+0	906.5661E-6	5.0000E+0	38.8444E-9	9.0000E+0	
12.4148E+0	-541.6042E-6	000.0000E-3	12.4146E+0	541.3214E-6	2.0000E+0	36.0853E-9	8.5000E+0		33.2013E+0	-717.7578E-6	000.0000E-3	33.2007E+0	717.4652E-6	3.0000E+0	36.0715E-9	8.5000E+0		53.9730E+0	-821.4246E-6	000.0000E-3	53.9721E+0	821.1260E-6	4.0000E+0	36.6621E-9	8.5000E+0		74.7241E+0	-888.1904E-6	000.0000E-3	74.7229E+0	887.8977E-6	5.0000E+0	36.4947E-9	8.5000E+0	
12.6016E+0	-524.6112E-6	000.0000E-3	12.6014E+0	524.3114E-6	2.0000E+0	34.3681E-9	8.0000E+0		33.3880E+0	-697.9260E-6	000.0000E-3	33.3875E+0	697.6316E-6	3.0000E+0	34.3970E-9	8.0000E+0		54.2080E+0	-801.9046E-6	000.0000E-3	54.2072E+0	801.6115E-6	4.0000E+0	34.3275E-9	8.0000E+0		74.9591E+0	-869.6105E-6	000.0000E-3	74.9579E+0	869.3095E-6	5.0000E+0	34.1929E-9	8.0000E+0	
12.8366E+0	-508.6783E-6	000.0000E-3	12.8364E+0	508.3790E-6	2.0000E+0	32.0035E-9	7.5000E+0		33.6230E+0	-679.0817E-6	000.0000E-3	33.6225E+0	678.7948E-6	3.0000E+0	32.0373E-9	7.5000E+0		54.2477E+0	-782.4712E-6	000.0000E-3	54.2469E+0	782.1722E-6	4.0000E+0	31.2903E-9	7.5000E+0		75.1459E+0	-849.9169E-6	000.0000E-3	75.1447E+0	849.6196E-6	5.0000E+0	31.8245E-9	7.5000E+0	
13.0233E+0	-492.4009E-6	000.0000E-3	13.0231E+0	492.1021E-6	2.0000E+0	29.6168E-9	7.0000E+0		33.8098E+0	-659.7735E-6	000.0000E-3	33.8093E+0	659.4927E-6	3.0000E+0	29.6681E-9	7.0000E+0		54.4345E+0	-761.3426E-6	000.0000E-3	54.4337E+0	761.0432E-6	4.0000E+0	29.5446E-9	7.0000E+0		75.3809E+0	-829.8717E-6	000.0000E-3	75.3798E+0	829.5737E-6	5.0000E+0	29.4797E-9	7.0000E+0	
13.2584E+0	-475.5728E-6	000.0000E-3	13.2582E+0	475.2752E-6	2.0000E+0	27.2515E-9	6.5000E+0		34.0449E+0	-640.3073E-6	000.0000E-3	34.0443E+0	640.0181E-6	3.0000E+0	27.3115E-9	6.5000E+0		54.6696E+0	-740.6341E-6	000.0000E-3	54.6687E+0	740.3353E-6	4.0000E+0	27.2166E-9	6.5000E+0		75.5677E+0	-808.7693E-6	000.0000E-3	75.5665E+0	808.4674E-6	5.0000E+0	27.1315E-9	6.5000E+0	
13.4452E+0	-458.9973E-6	000.0000E-3	13.4450E+0	458.7024E-6	2.0000E+0	24.8686E-9	6.0000E+0		34.2316E+0	-620.7071E-6	000.0000E-3	34.2311E+0	620.4194E-6	3.0000E+0	24.9324E-9	6.0000E+0		54.8563E+0	-719.5393E-6	000.0000E-3	54.8554E+0	719.2411E-6	4.0000E+0	24.8630E-9	6.0000E+0		75.8027E+0	-788.1603E-6	000.0000E-3	75.8016E+0	787.8593E-6	5.0000E+0	24.7967E-9	6.0000E+0	
13.6802E+0	-441.9982E-6	000.0000E-3	13.6800E+0	441.7000E-6	2.0000E+0	22.4940E-9	5.5000E+0		34.4667E+0	-600.1534E-6	000.0000E-3	34.4661E+0	599.8627E-6	3.0000E+0	22.5759E-9	5.5000E+0		55.0913E+0	-698.3638E-6	000.0000E-3	55.0905E+0	698.0587E-6	4.0000E+0	22.5069E-9	5.5000E+0		75.9895E+0	-766.6730E-6	000.0000E-3	75.9883E+0	766.3814E-6	5.0000E+0	22.4231E-9	5.5000E+0	
13.8670E+0	-424.9355E-6	000.0000E-3	13.8668E+0	424.6341E-6	2.0000E+0	20.1167E-9	5.0000E+0		34.6534E+0	-579.8833E-6	000.0000E-3	34.6529E+0	579.6015E-6	3.0000E+0	20.1750E-9	5.0000E+0		55.2781E+0	-676.4618E-6	000.0000E-3	55.2772E+0	676.1648E-6	4.0000E+0	20.1604E-9	5.0000E+0		76.2246E+0	-744.8150E-6	000.0000E-3	76.2234E+0	744.5138E-6	5.0000E+0	20.0761E-9	5.0000E+0	
14.1020E+0	-407.8804E-6	000.0000E-3	14.1018E+0	407.5833E-6	2.0000E+0	17.7453E-9	4.5000E+0		34.8885E+0	-559.1885E-6	000.0000E-3	34.8879E+0	558.8946E-6	3.0000E+0	17.8229E-9	4.5000E+0		55.5131E+0	-654.0743E-6	000.0000E-3	55.5123E+0	653.7773E-6	4.0000E+0	17.8172E-9	4.5000E+0		76.4114E+0	-722.7164E-6	000.0000E-3	76.4102E+0	722.4192E-6	5.0000E+0	17.7427E-9	4.5000E+0	
14.4391E+0	-389.9565E-6	000.0000E-3	14.4388E+0	389.9302E-6	2.0000E+0	15.7078E-9	4.0000E+0		35.0752E+0	-538.2465E-6	000.0000E-3	35.0747E+0	537.9486E-6	3.0000E+0	15.4590E-9	4.0000E+0		55.6999E+0	-631.5924E-6	000.0000E-3	55.6990E+0	631.2955E-6	4.0000E+0	15.4621E-9	4.0000E+0		76.6464E+0	-700.6653E-6	000.0000E-3	76.6452E+0	700.3675E-6	5.0000E+0	15.4147E-9	4.0000E+0	
14.6741E+0	-373.6851E-6	000.0000E-3	14.6738E+0	373.6561E-6	2.0000E+0	13.0310E-9	3.5000E+0		35.3103E+0	-516.9247E-6	000.0000E-3	35.3097E+0	516.6311E-6	3.0000E+0	13.1432E-9	3.5000E+0		55.9350E+0	-608.0099E-6	000.0000E-3	55.9341E+0	607.7079E-6	4.0000E+0	13.1185E-9	3.5000E+0		76.8331E+0	-677.8101E-6	000.0000E-3	76.8319E+0	677.5081E-6	5.0000E+0	13.0864E-9	3.5000E+0	
14.8608E+0	-356.5690E-6	000.0000E-3	14.8606E+0	356.5406E-6	2.0000E+0	10.6545E-9	3.0000E+0		35.4971E+0	-495.6790E-6	000.0000E-3	35.4965E+0	495.3816E-6	3.0000E+0	10.7349E-9	3.0000E+0		56.1217E+0	-584.8627E-6	000.0000E-3	56.1208E+0	584.5677E-6	4.0000E+0	10.7555E-9	3.0000E+0		77.0682E+0	-654.4561E-6	000.0000E-3	77.0670E+0	654.1605E-6	5.0000E+0	10.7830E-9	3.0000E+0	
15.0958E+0	-339.3792E-6	000.0000E-3	15.0956E+0	339.3506E-6	2.0000E+0	8.3093E-9	2.5000E+0		35.7321E+0	-474.0586E-6	000.0000E-3	35.7315E+0	473.7615E-6	3.0000E+0	8.4161E-9	2.5000E+0		56.3567E+0	-561.3508E-6	000.0000E-3	56.3558E+0	561.0496E-6	4.0000E+0	8.4395E-9	2.5000E+0		77.2549E+0	-630.2205E-6	000.0000E-3	77.2537E+0	629.9275E-6	5.0000E+0	8.4115E-9	2.5000E+0	
15.2826E+0	-322.2403E-6	000.0000E-3	15.2824E+0	322.2122E-6	2.0000E+0	5.9426E-9	2.0000E+0		35.9188E+0	-452.1931E-6	000.0000E-3	35.9183E+0	451.9004E-6	3.0000E+0	6.0608E-9	2.0000E+0		56.5435E+0	-537.3925E-6	000.0000E-3	56.5426E+0	537.0940E-6	4.0000E+0	6.1076E-9	2.0000E+0		77.4900E+0	-606.3005E-6	000.0000E-3	77.4887E+0	606.0011E-6	5.0000E+0	6.1443E-9	2.0000E+0	
15.5177E+0	-304.8679E-6	000.0000E-3	15.5174E+0	304.8396E-6	2.0000E+0	3.6004E-9	1.5000E+0		36.1539E+0	-430.0425E-6	000.0000E-3	36.1533E+0	429.7434E-6	3.0000E+0	3.7366E-9	1.5000E+0		56.7785E+0	-513.2602E-6	000.0000E-3	56.7776E+0	512.9619E-6	4.0000E+0	3.7960E-9	1.5000E+0		77.6989E+0	-581.5347E-6	000.0000E-3	77.6977E+0	581.2407E-6	5.0000E+0	3.8301E-9	1.5000E+0	
15.7267E+0	-287.9598E-6	000.0000E-3	15.7264E+0	287.9315E-6	2.0000E+0	1.2472E-9	1.0000E+0		36.3628E+0	-408.0605E-6	000.0000E-3	36.3623E+0	407.7627E-6	3.0000E+0	1.3873E-9	1.0000E+0		56.9875E+0	-488.7960E-6	000.0000E-3	56.9866E+0	488.4899E-6	4.0000E+0	1.4852E-9	1.0000E+0		77.9340E+0	-557.2385E-6	000.0000E-3	77.9328E+0	556.9413E-6	5.0000E+0	1.5298E-9	1.0000E+0	
15.9617E+0	-270.9732E-6	000.0000E-3	15.9615E+0	270.9448E-6	2.0000E+0	-1.0738E-9	500.0000E-3		36.5981E+0	-385.9837E-6	000.0000E-3	36.5976E+0	385.9563E-6	3.0000E+0	-919.4602E-12	500.0000E-3		57.2226E+0	-464.3011E-6	000.0000E-3	57.2217E+0	464.0023E-6	4.0000E+0	-819.7565E-12	500.0000E-3		78.1430E+0	-532.6709E-6	000.0000E-3	78.1418E+0	532.3750E-6	5.0000E+0	-790.9746E-12	500.0000E-3	
16.1708E+0	-253.9592E-6	000.0000E-3	16.1705E+0	253.9316E-6	2.0000E+0	-3.4081E-9	000.0000E-3		36.8072E+0	-363.9334E-6	000.0000E-3	36.8066E+0	363.9047E-6	3.0000E+0	-3.2284E-9	000.0000E-3		57.4315E+0	-439.4187E-6	000.0000E-3	57.4306E+0	439.1108E-6	4.0000E+0	-3.1423E-9	000.0000E-3		78.3780E+0	-507.3830E-6	000.0000E-3	78.3768E+0	507.0872E-6	5.0000E+0	-3.0582E-9	000.0000E-3	
16.4127E+0	-237.7847E-6	000.0000E-3	16.4124E+0	237.7560E-6	2.0000E+0	-5.7173E-9	-500.0000E-3		37.0491E+0	-342.0848E-6	000.0000E-3	37.0485E+0	342.0563E-6	3.0000E+0	-5.5236E-9	-500.0000E-3		57.6735E+0	-415.3031E-6	000.0000E-3	57.6726E+0	414.9999E-6	4.0000E+0	-5.3928E-9	-500.0000E-3		78.5938E+0	-481.8712E-6	000.0000E-3	78.5926E+0	481.5689E-6	5.0000E+0	-5.2824E-9	-500.0000E-3	
16.6217E+0	-221.4171E-6	000.0000E-3	16.6214E+0	221.3886E-6	2.0000E+0	-8.0577E-9	-1.0000E+0		37.2581E+0	-320.1095E-6	000.0000E-3	37.2575E+0	320.0813E-6	3.0000E+0	-7.8470E-9	-1.0000E+0		58.0327E+0	-388.7248E-6	000.0000E-3	58.0318E+0	388.6983E-6	4.0000E+0	-7.2193E-9	-1.0000E+0		78.8289E+0	-456.1274E-6	000.0000E-3	78.8277E+0	455.8258E-6	5.0000E+0	-7.5722E-9	-1.0000E+0	
16.8567E+0	-205.2583E-6	000.0000E-3	16.8564E+0	205.2301E-6	2.0000E+0	-10.3832E-9	-1.5000E+0		37.4931E+0	-298.5617E-6	000.0000E-3	37.4926E+0	298.5339E-6	3.0000E+0	-10.1589E-9	-1.5000E+0		58.2678E+0	-365.2476E-6	000.0000E-3	58.2668E+0	365.2174E-6	4.0000E+0	-9.9544E-9	-1.5000E+0		79.0379E+0	-430.4274E-6	000.0000E-3	79.0366E+0	430.1291E-6	5.0000E+0	-9.8710E-9	-1.5000E+0	
17.0435E+0	-189.6278E-6	000.0000E-3	17.0432E+0	189.5995E-6	2.0000E+0	-12.7120E-9	-2.0000E+0		37.6799E+0	-277.3484E-6	000.0000E-3	37.6793E+0	277.3199E-6	3.0000E+0	-12.4828E-9	-2.0000E+0		58.4545E+0	-340.7041E-6	000.0000E-3	58.4536E+0	340.6747E-6	4.0000E+0	-12.2536E-9	-2.0000E+0		79.2729E+0	-404.2881E-6	000.0000E-3	79.2716E+0	403.9872E-6	5.0000E+0	-12.1606E-9	-2.0000E+0	
17.2785E+0	-174.4089E-6	000.0000E-3	17.2782E+0	174.3820E-6	2.0000E+0	-15.0137E-9	-2.5000E+0		37.9150E+0	-256.1898E-6	000.0000E-3	37.9144E+0	256.1616E-6	3.0000E+0	-14.7771E-9	-2.5000E+0		58.6895E+0	-316.0389E-6	000.0000E-3	58.6886E+0	316.0103E-6	4.0000E+0	-14.5834E-9	-2.5000E+0		79.6099E+0	-376.9454E-6	000.0000E-3	79.6087E+0	376.9193E-6	5.0000E+0	-13.8976E-9	-2.5000E+0	
17.4653E+0	-159.5345E-6	000.0000E-3	17.4650E+0	159.5064E-6	2.0000E+0	-17.3667E-9	-3.0000E+0		38.1017E+0	-235.6513E-6	000.0000E-3	38.1011E+0	235.6238E-6	3.0000E+0	-17.1022E-9	-3.0000E+0		58.8763E+0	-291.8054E-6	000.0000E-3	58.8754E+0	291.7766E-6	4.0000E+0	-16.8504E-9	-3.0000E+0		79.8450E+0	-352.8469E-6	000.0000E-3	79.8437E+0	352.8178E-6	5.0000E+0	-16.6612E-9	-3.0000E+0	
17.7003E+0	-145.2169E-6	000.0000E-3	17.7000E+0	145.1884E-6	2.0000E+0	-19.6585E-9	-3.5000E+0		38.3368E+0	-215.4671E-6	000.0000E-3	38.3362E+0	215.4397E-6	3.0000E+0	-19.3973E-9	-3.5000E+0		59.1113E+0	-268.1961E-6	000.0000E-3	59.1104E+0	268.1671E-6	4.0000E+0	-19.1458E-9	-3.5000E+0		80.0317E+0	-326.6935E-6	000.0000E-3	80.0305E+0	326.6632E-6	5.0000E+0	-18.9482E-9	-3.5000E+0	
17.8871E+0	-131.3092E-6	000.0000E-3	17.8868E+0	131.2803E-6	2.0000E+0	-21.9907E-9	-4.0000E+0		38.5236E+0	-196.2091E-6	000.0000E-3	38.5229E+0	196.1801E-6	3.0000E+0	-21.6792E-9	-4.0000E+0		59.2981E+0	-245.1529E-6	000.0000E-3	59.2972E+0	245.1240E-6	4.0000E+0	-21.4845E-9	-4.0000E+0		80.2668E+0	-301.5894E-6	000.0000E-3	80.2655E+0	301.5602E-6	5.0000E+0	-21.2236E-9	-4.0000E+0	
18.1222E+0	-118.0703E-6	000.0000E-3	18.1219E+0	118.0414E-6	2.0000E+0	-24.3004E-9	-4.5000E+0		38.7586E+0	-177.1718E-6	000.0000E-3	38.7580E+0	177.1437E-6	3.0000E+0	-23.9727E-9	-4.5000E+0		59.5331E+0	-222.2218E-6	000.0000E-3	59.5322E+0	222.1931E-6	4.0000E+0	-23.7364E-9	-4.5000E+0		80.4535E+0	-276.1447E-6	000.0000E-3	80.4523E+0	276.1144E-6	5.0000E+0	-23.5024E-9	-4.5000E+0	
18.3089E+0	-105.3239E-6	000.0000E-3	18.3087E+0	105.2942E-6	2.0000E+0	-26.6308E-9	-5.0000E+0		38.9453E+0	-159.4220E-6	000.0000E-3	38.9447E+0	159.3952E-6	3.0000E+0	-26.3066E-9	-5.0000E+0		59.7199E+0	-200.3188E-6	000.0000E-3	59.7189E+0	200.2908E-6	4.0000E+0	-26.0111E-9	-5.0000E+0		80.6886E+0	-251.5302E-6	000.0000E-3	80.6873E+0	251.4995E-6	5.0000E+0	-25.7754E-9	-5.0000E+0	
18.5440E+0	-93.2758E-6	000.0000E-3	18.5437E+0	93.2475E-6	2.0000E+0	-28.9328E-9	-5.5000E+0		39.1804E+0	-142.1062E-6	000.0000E-3	39.1797E+0	142.0777E-6	3.0000E+0	-28.5789E-9	-5.5000E+0		59.9549E+0	-179.1052E-6	000.0000E-3	59.9540E+0	179.0768E-6	4.0000E+0	-28.2858E-9	-5.5000E+0		80.8753E+0	-227.4726E-6	000.0000E-3	80.8741E+0	227.4428E-6	5.0000E+0	-28.0592E-9	-5.5000E+0	
18.7307E+0	-82.0445E-6	000.0000E-3	18.7304E+0	82.0154E-6	2.0000E+0	-31.2737E-9	-6.0000E+0		39.3671E+0	-125.4863E-6	000.0000E-3	39.3665E+0	125.4578E-6	3.0000E+0	-30.9313E-9	-6.0000E+0		60.1417E+0	-159.0201E-6	000.0000E-3	60.1407E+0	158.9915E-6	4.0000E+0	-30.5706E-9	-6.0000E+0		81.1104E+0	-204.3506E-6	000.0000E-3	81.1091E+0	204.3213E-6	5.0000E+0	-30.3291E-9	-6.0000E+0	
18.9657E+0	-71.7157E-6	000.0000E-3	18.9655E+0	71.6862E-6	2.0000E+0	-33.5735E-9	-6.5000E+0		39.6021E+0	-110.3423E-6	000.0000E-3	39.6015E+0	110.3140E-6	3.0000E+0	-33.1842E-9	-6.5000E+0		60.3767E+0	-139.9906E-6	000.0000E-3	60.3758E+0	139.9613E-6	4.0000E+0	-32.8366E-9	-6.5000E+0		81.2971E+0	-182.1133E-6	000.0000E-3	81.2958E+0	182.0844E-6	5.0000E+0	-32.6227E-9	-6.5000E+0	
19.1525E+0	-61.9924E-6	000.0000E-3	19.1522E+0	61.9630E-6	2.0000E+0	-35.8905E-9	-7.0000E+0		39.7889E+0	-95.9412E-6	000.0000E-3	39.7883E+0	95.9126E-6	3.0000E+0	-35.5066E-9	-7.0000E+0		60.5635E+0	-122.3246E-6	000.0000E-3	60.5625E+0	122.2947E-6	4.0000E+0	-35.1511E-9	-7.0000E+0		81.5322E+0	-160.8911E-6	000.0000E-3	81.5309E+0	160.8617E-6	5.0000E+0	-34.8402E-9	-7.0000E+0	
19.3875E+0	-53.2058E-6	000.0000E-3	19.3872E+0	53.1762E-6	2.0000E+0	-38.1862E-9	-7.5000E+0		40.0239E+0	-82.9432E-6	000.0000E-3	40.0233E+0	82.9145E-6	3.0000E+0	-37.7603E-9	-7.5000E+0		60.7985E+0	-105.4435E-6	000.0000E-3	60.7976E+0	105.4144E-6	4.0000E+0	-37.3439E-9	-7.5000E+0		81.7189E+0	-140.5118E-6	000.0000E-3	81.7177E+0	140.4827E-6	5.0000E+0	-37.1440E-9	-7.5000E+0	
19.5743E+0	-44.9392E-6	000.0000E-3	19.5740E+0	44.9092E-6	2.0000E+0	-40.4922E-9	-8.0000E+0		40.2107E+0	-70.7823E-6	000.0000E-3	40.2100E+0	70.7535E-6	3.0000E+0	-40.0736E-9	-8.0000E+0		60.9853E+0	-90.1958E-6	000.0000E-3	60.9843E+0	90.1656E-6	4.0000E+0	-39.7259E-9	-8.0000E+0		81.7506E+0	-123.0913E-6	000.0000E-3	81.7493E+0	123.0625E-6	5.0000E+0	-40.1560E-9	-8.0000E+0	
19.7563E+0	-37.6348E-6	000.0000E-3	19.7560E+0	37.6318E-6	2.0000E+0	-42.7858E-9	-8.5000E+0		40.2424E+0	-60.6645E-6	000.0000E-3	40.2417E+0	60.6362E-6	3.0000E+0	-43.1767E-9	-8.5000E+0		61.0170E+0	-77.1872E-6	000.0000E-3	61.0160E+0	77.1587E-6	4.0000E+0	-42.6864E-9	-8.5000E+0		81.7823E+0	-105.6247E-6	000.0000E-3	81.7810E+0	105.5961E-6	5.0000E+0	-42.5747E-9	-8.5000E+0	
19.7880E+0	-31.7717E-6	000.0000E-3	19.7877E+0	31.7693E-6	2.0000E+0	-45.9320E-9	-9.0000E+0		40.2741E+0	-50.5906E-6	000.0000E-3	40.2734E+0	50.5621E-6	3.0000E+0	-45.6701E-9	-9.0000E+0		61.0487E+0	-64.5553E-6	000.0000E-3	61.0478E+0	64.5256E-6	4.0000E+0	-45.2220E-9	-9.0000E+0		81.8140E+0	-89.3166E-6	000.0000E-3	81.8128E+0	89.2873E-6	5.0000E+0	-45.0143E-9	-9.0000E+0	
19.8197E+0	-25.9283E-6	000.0000E-3	19.8194E+0	25.9259E-6	2.0000E+0	-48.4127E-9	-9.5000E+0		40.3058E+0	-41.6043E-6	000.0000E-3	40.3051E+0	41.5749E-6	3.0000E+0	-48.0278E-9	-9.5000E+0		61.0804E+0	-53.1500E-6	000.0000E-3	61.0795E+0	53.1201E-6	4.0000E+0	-47.5980E-9	-9.5000E+0		81.8457E+0	-74.4204E-6	000.0000E-3	81.8445E+0	74.3907E-6	5.0000E+0	-47.4125E-9	-9.5000E+0	
19.8514E+0	-20.7817E-6	000.0000E-3	19.8511E+0	20.7793E-6	2.0000E+0	-50.9042E-9	-10.0000E+0		40.4878E+0	-32.9787E-6	000.0000E-3	40.4871E+0	32.9758E-6	3.0000E+0	-49.4586E-9	-10.0000E+0		61.1121E+0	-43.0812E-6	000.0000E-3	61.1112E+0	43.0511E-6	4.0000E+0	-49.9515E-9	-10.0000E+0		81.8775E+0	-61.2519E-6	000.0000E-3	81.8762E+0	61.2216E-6	5.0000E+0	-49.7438E-9	-10.0000E+0	
19.8831E+0	-16.3938E-6	000.0000E-3	19.8828E+0	16.3914E-6	2.0000E+0	-53.3076E-9	-10.5000E+0		40.5195E+0	-27.0577E-6	000.0000E-3	40.5188E+0	27.0555E-6	3.0000E+0	-52.5465E-9	-10.5000E+0		61.2941E+0	-33.8976E-6	000.0000E-3	61.2932E+0	33.8947E-6	4.0000E+0	-51.3956E-9	-10.5000E+0		81.9092E+0	-49.5128E-6	000.0000E-3	81.9079E+0	49.4835E-6	5.0000E+0	-52.1237E-9	-10.5000E+0	
19.9148E+0	-12.7564E-6	000.0000E-3	19.9145E+0	12.7542E-6	2.0000E+0	-55.7454E-9	-11.0000E+0		40.5512E+0	-21.2473E-6	000.0000E-3	40.5505E+0	21.2448E-6	3.0000E+0	-55.0141E-9	-11.0000E+0		61.3258E+0	-27.1771E-6	000.0000E-3	61.3249E+0	27.1749E-6	4.0000E+0	-54.4665E-9	-11.0000E+0		82.0912E+0	-38.9699E-6	000.0000E-3	82.0899E+0	38.9670E-6	5.0000E+0	-53.4259E-9	-11.0000E+0	
19.9465E+0	-9.7880E-6	000.0000E-3	19.9462E+0	9.7858E-6	2.0000E+0	-58.1796E-9	-11.5000E+0		40.5829E+0	-16.4228E-6	000.0000E-3	40.5822E+0	16.4204E-6	3.0000E+0	-57.4918E-9	-11.5000E+0		61.3576E+0	-20.9447E-6	000.0000E-3	61.3566E+0	20.9425E-6	4.0000E+0	-56.8645E-9	-11.5000E+0		82.1229E+0	-31.3109E-6	000.0000E-3	82.1216E+0	31.3086E-6	5.0000E+0	-56.4580E-9	-11.5000E+0	
19.9782E+0	-7.3233E-6	000.0000E-3	19.9779E+0	7.3210E-6	2.0000E+0	-60.5622E-9	-12.0000E+0		40.6146E+0	-12.4336E-6	000.0000E-3	40.6139E+0	12.4310E-6	3.0000E+0	-59.9352E-9	-12.0000E+0		61.3893E+0	-15.8713E-6	000.0000E-3	61.3883E+0	15.8688E-6	4.0000E+0	-59.2976E-9	-12.0000E+0		82.1546E+0	-24.1164E-6	000.0000E-3	82.1533E+0	24.1137E-6	5.0000E+0	-58.8993E-9	-12.0000E+0	
20.0099E+0	-5.3698E-6	000.0000E-3	20.0096E+0	5.3675E-6	2.0000E+0	-63.0193E-9	-12.5000E+0		40.6463E+0	-9.2135E-6	000.0000E-3	40.6456E+0	9.2112E-6	3.0000E+0	-62.2931E-9	-12.5000E+0		61.4210E+0	-11.7530E-6	000.0000E-3	61.4200E+0	11.7507E-6	4.0000E+0	-61.6619E-9	-12.5000E+0		82.1863E+0	-18.1470E-6	000.0000E-3	82.1850E+0	18.1446E-6	5.0000E+0	-61.1929E-9	-12.5000E+0	
20.2139E+0	-3.7603E-6	000.0000E-3	20.2135E+0	3.7598E-6	2.0000E+0	-64.3162E-9	-13.0000E+0		40.6780E+0	-6.6395E-6	000.0000E-3	40.6774E+0	6.6371E-6	3.0000E+0	-64.7543E-9	-13.0000E+0		61.4527E+0	-8.4982E-6	000.0000E-3	61.4517E+0	8.4957E-6	4.0000E+0	-64.0756E-9	-13.0000E+0		82.2180E+0	-13.4698E-6	000.0000E-3	82.2167E+0	13.4672E-6	5.0000E+0	-63.6017E-9	-13.0000E+0	
20.2456E+0	-2.7203E-6	000.0000E-3	20.2452E+0	2.7203E-6	2.0000E+0	-67.3544E-9	-13.5000E+0		40.7097E+0	-4.6683E-6	000.0000E-3	40.7091E+0	4.6659E-6	3.0000E+0	-67.0927E-9	-13.5000E+0		61.4844E+0	-6.0114E-6	000.0000E-3	61.4835E+0	6.0090E-6	4.0000E+0	-66.4503E-9	-13.5000E+0		82.2497E+0	-9.7712E-6	000.0000E-3	82.2484E+0	9.7688E-6	5.0000E+0	-65.9984E-9	-13.5000E+0	
20.2773E+0	-1.8403E-6	000.0000E-3	20.2769E+0	1.8405E-6	2.0000E+0	-69.9209E-9	-14.0000E+0		40.9136E+0	-3.1362E-6	000.0000E-3	40.9130E+0	3.1357E-6	3.0000E+0	-68.4830E-9	-14.0000E+0		61.5161E+0	-4.0960E-6	000.0000E-3	61.5152E+0	4.0935E-6	4.0000E+0	-68.8554E-9	-14.0000E+0		82.2814E+0	-6.9316E-6	000.0000E-3	82.2802E+0	6.9290E-6	5.0000E+0	-68.3571E-9	-14.0000E+0	
20.3090E+0	-1.1955E-6	000.0000E-3	20.3087E+0	1.1957E-6	2.0000E+0	-72.3446E-9	-14.5000E+0		40.9453E+0	-2.1248E-6	000.0000E-3	40.9447E+0	2.1248E-6	3.0000E+0	-71.3339E-9	-14.5000E+0		61.7200E+0	-2.6869E-6	000.0000E-3	61.7190E+0	2.6864E-6	4.0000E+0	-70.0904E-9	-14.5000E+0		82.3132E+0	-4.7261E-6	000.0000E-3	82.3119E+0	4.7236E-6	5.0000E+0	-70.7304E-9	-14.5000E+0	
20.3407E+0	-752.7415E-9	000.0000E-3	20.3404E+0	753.1590E-9	2.0000E+0	-74.8182E-9	-15.0000E+0		40.9770E+0	-1.3440E-6	000.0000E-3	40.9764E+0	1.3441E-6	3.0000E+0	-73.8784E-9	-15.0000E+0		61.7517E+0	-1.7634E-6	000.0000E-3	61.7507E+0	1.7636E-6	4.0000E+0	-73.2541E-9	-15.0000E+0		82.5171E+0	-3.1952E-6	000.0000E-3	82.5158E+0	3.1944E-6	5.0000E+0	-71.9983E-9	-15.0000E+0	
20.3724E+0	-455.6797E-9	000.0000E-3	20.3721E+0	456.0625E-9	2.0000E+0	-77.2670E-9	-15.5000E+0		41.0088E+0	-815.3449E-9	000.0000E-3	41.0081E+0	815.6766E-9	3.0000E+0	-76.4815E-9	-15.5000E+0		61.7834E+0	-1.0767E-6	000.0000E-3	61.7825E+0	1.0769E-6	4.0000E+0	-75.6868E-9	-15.5000E+0		82.5488E+0	-2.1366E-6	000.0000E-3	82.5475E+0	2.1368E-6	5.0000E+0	-75.2220E-9	-15.5000E+0	
20.5733E+0	-260.1699E-9	000.0000E-3	20.5730E+0	260.2473E-9	2.0000E+0	-78.4808E-9	-16.0000E+0		41.0405E+0	-469.1993E-9	000.0000E-3	41.0398E+0	469.6225E-9	3.0000E+0	-78.9592E-9	-16.0000E+0		61.8151E+0	-631.6204E-9	000.0000E-3	61.8142E+0	632.0620E-9	4.0000E+0	-78.3268E-9	-16.0000E+0		82.5805E+0	-1.3252E-6	000.0000E-3	82.5792E+0	1.3255E-6	5.0000E+0	-77.6863E-9	-16.0000E+0	
20.6050E+0	-153.0432E-9	000.0000E-3	20.6047E+0	154.0109E-9	2.0000E+0	-81.8446E-9	-16.5000E+0		41.2414E+0	-249.5877E-9	000.0000E-3	41.2407E+0	249.7991E-9	3.0000E+0	-80.1262E-9	-16.5000E+0		62.0160E+0	-352.4150E-9	000.0000E-3	62.0150E+0	352.5099E-9	4.0000E+0	-79.3106E-9	-16.5000E+0		82.6122E+0	-779.3597E-9	000.0000E-3	82.6109E+0	779.7555E-9	5.0000E+0	-80.2498E-9	-16.5000E+0	
20.6367E+0	-79.4729E-9	000.0000E-3	20.6364E+0	80.5594E-9	2.0000E+0	-84.4452E-9	-17.0000E+0		41.2731E+0	-136.8468E-9	000.0000E-3	41.2724E+0	137.8333E-9	3.0000E+0	-83.3533E-9	-17.0000E+0		62.0477E+0	-195.3445E-9	000.0000E-3	62.0468E+0	196.2436E-9	4.0000E+0	-82.5809E-9	-17.0000E+0		82.6439E+0	-434.7160E-9	000.0000E-3	82.6426E+0	435.2671E-9	5.0000E+0	-82.6483E-9	-17.0000E+0	
20.8466E+0	-38.4337E-9	000.0000E-3	20.8656E+0	38.9367E-9	2.0000E+0	-85.4939E-9	-17.5000E+0		41.3049E+0	-67.2558E-9	000.0000E-3	41.3235E+0	66.2445E-9	3.0000E+0	-85.8160E-9	-17.5000E+0		62.0795E+0	-99.5351E-9	000.0000E-3	62.0785E+0	100.5578E-9	4.0000E+0	-85.0680E-9	-17.5000E+0		82.8448E+0	-231.0922E-9	000.0000E-3	82.8435E+0	231.2031E-9	5.0000E+0	-83.4294E-9	-17.5000E+0	
20.8970E+0	-19.6270E-9	000.0000E-3	20.9159E+0	19.3873E-9	2.0000E+0	-88.5816E-9	-18.0000E+0		41.5334E+0	-31.6713E-9	000.0000E-3	41.5520E+0	32.2058E-9	3.0000E+0	-86.8640E-9	-18.0000E+0		62.1112E+0	-47.1905E-9	000.0000E-3	62.1295E+0	47.2588E-9	4.0000E+0	-87.4201E-9	-18.0000E+0		82.8765E+0	-126.8389E-9	000.0000E-3	82.8752E+0	127.5837E-9	5.0000E+0	-86.4834E-9	-18.0000E+0	
20.9474E+0	-9.0202E-9	000.0000E-3	20.9663E+0	9.2212E-9	2.0000E+0	-91.0681E-9	-18.5000E+0		41.5837E+0	-14.7046E-9	000.0000E-3	41.6023E+0	14.5939E-9	3.0000E+0	-89.7199E-9	-18.5000E+0		62.3397E+0	-22.7158E-9	000.0000E-3	62.3580E+0	23.1326E-9	4.0000E+0	-88.4585E-9	-18.5000E+0		82.9083E+0	-61.4449E-9	000.0000E-3	82.9262E+0	60.5004E-9	5.0000E+0	-89.0748E-9	-18.5000E+0	
21.1939E+0	-3.7795E-9	000.0000E-3	21.1958E+0	3.9833E-9	2.0000E+0	-92.3819E-9	-19.0000E+0		41.6341E+0	-6.1894E-9	000.0000E-3	41.6537E+0	6.4510E-9	3.0000E+0	-92.2174E-9	-19.0000E+0		62.3900E+0	-10.0180E-9	000.0000E-3	62.4083E+0	10.1800E-9	4.0000E+0	-91.2037E-9	-19.0000E+0		83.1368E+0	-28.6039E-9	000.0000E-3	83.1548E+0	29.6893E-9	5.0000E+0	-90.1671E-9	-19.0000E+0	
21.2453E+0	-1.4103E-9	000.0000E-3	21.2472E+0	1.7476E-9	2.0000E+0	-95.2122E-9	-19.5000E+0		41.8817E+0	-2.5406E-9	000.0000E-3	41.8833E+0	2.7602E-9	3.0000E+0	-93.6453E-9	-19.5000E+0		62.4404E+0	-4.1888E-9	000.0000E-3	62.4597E+0	4.3127E-9	4.0000E+0	-93.7073E-9	-19.5000E+0		83.1871E+0	-12.8170E-9	000.0000E-3	83.2051E+0	12.7374E-9	5.0000E+0	-93.1535E-9	-19.5000E+0	
21.2967E+0	-495.4911E-12	000.0000E-3	21.2986E+0	860.8905E-12	2.0000E+0	-97.7125E-9	-20.0000E+0		41.9330E+0	-937.0441E-12	000.0000E-3	41.9346E+0	1.3022E-9	3.0000E+0	-96.4428E-9	-20.0000E+0		62.6880E+0	-1.5118E-9	000.0000E-3	62.6892E+0	1.8226E-9	4.0000E+0	-95.0734E-9	-20.0000E+0		83.2375E+0	-5.0403E-9	000.0000E-3	83.2565E+0	5.3000E-9	5.0000E+0	-95.6031E-9	-20.0000E+0	
