DrainI(1)	SourceI(1)	GateI(1)	GateV(1)	GM(1)	IDLIN(1)	VT(1)	DrainI(2)	SourceI(2)	GateI(2)	GateV(2)	GM(2)	IDLIN(2)	VT(2)
361.2586E-9	-361.3665E-9	-1.9016E-9	-20.0000E+0	#REF	-497.6559E-6	21.9481E+0	818.4413E-9	-819.5946E-9	-1.7464E-9	-20.0000E+0	#REF	-905.9433E-6	18.4778E+0
449.2934E-9	-449.4221E-9	-1.6673E-9	-19.0000E+0	88.0348E-9	-485.7923E-6		1.0287E-6	-1.0299E-6	-1.5322E-9	-19.0000E+0	210.3091E-9	-882.3987E-6	
559.7801E-9	-561.0905E-9	-1.4997E-9	-18.0000E+0	110.4867E-9	-473.9287E-6		1.2815E-6	-1.2827E-6	-1.4584E-9	-18.0000E+0	252.7984E-9	-858.8542E-6	
687.4811E-9	-688.7776E-9	-1.3740E-9	-17.0000E+0	127.7011E-9	-462.0651E-6		1.5827E-6	-1.5840E-6	-1.3264E-9	-17.0000E+0	301.2304E-9	-835.3096E-6	
839.7193E-9	-841.0512E-9	-1.2661E-9	-16.0000E+0	152.2382E-9	-450.2015E-6		1.9291E-6	-1.9303E-6	-1.2040E-9	-16.0000E+0	346.3455E-9	-811.7651E-6	
1.0203E-6	-1.0215E-6	-1.1503E-9	-15.0000E+0	180.6118E-9	-438.3379E-6		2.3392E-6	-2.3404E-6	-1.0834E-9	-15.0000E+0	410.0946E-9	-788.2205E-6	
1.2282E-6	-1.2295E-6	-1.0575E-9	-14.0000E+0	207.9557E-9	-426.4743E-6		2.8275E-6	-2.8287E-6	-1.0079E-9	-14.0000E+0	488.3175E-9	-764.6759E-6	
1.4695E-6	-1.4707E-6	-938.4216E-12	-13.0000E+0	241.3001E-9	-414.6107E-6		3.4047E-6	-3.4058E-6	-894.0027E-12	-13.0000E+0	577.2479E-9	-741.1314E-6	
1.7582E-6	-1.7593E-6	-844.4799E-12	-12.0000E+0	288.6212E-9	-402.7471E-6		4.0801E-6	-4.0812E-6	-792.5315E-12	-12.0000E+0	675.3573E-9	-717.5868E-6	
2.0839E-6	-2.0850E-6	-718.1968E-12	-11.0000E+0	325.7220E-9	-390.8835E-6		4.8666E-6	-4.8677E-6	-749.6287E-12	-11.0000E+0	786.5046E-9	-694.0422E-6	
2.4682E-6	-2.4693E-6	-614.5527E-12	-10.0000E+0	384.3547E-9	-379.0199E-6		5.7794E-6	-5.7887E-6	-725.5242E-12	-10.0000E+0	912.7934E-9	-670.4977E-6	
2.9276E-6	-2.9287E-6	-553.6094E-12	-9.0000E+0	459.4003E-9	-367.1562E-6		6.8539E-6	-6.8632E-6	-595.6027E-12	-9.0000E+0	1.0745E-6	-646.9531E-6	
3.4591E-6	-3.4601E-6	-479.3758E-12	-8.0000E+0	531.4473E-9	-355.2926E-6		8.1061E-6	-8.1153E-6	-499.1344E-12	-8.0000E+0	1.2522E-6	-623.4086E-6	
4.0748E-6	-4.0759E-6	-410.4482E-12	-7.0000E+0	615.7611E-9	-343.4290E-6		9.5821E-6	-9.5911E-6	-404.8390E-12	-7.0000E+0	1.4759E-6	-599.8640E-6	
4.8098E-6	-4.8109E-6	-336.9220E-12	-6.0000E+0	734.9931E-9	-331.5654E-6		11.3007E-6	-11.3096E-6	-330.1000E-12	-6.0000E+0	1.7186E-6	-576.3194E-6	
5.6762E-6	-5.6852E-6	-299.5273E-12	-5.0000E+0	866.3510E-9	-319.7018E-6		13.3114E-6	-13.3202E-6	-267.9944E-12	-5.0000E+0	2.0107E-6	-552.7749E-6	
6.6889E-6	-6.6981E-6	-195.1722E-12	-4.0000E+0	1.0127E-6	-307.8382E-6		15.5813E-6	-15.5899E-6	-188.2993E-12	-4.0000E+0	2.2698E-6	-529.2303E-6	
7.8616E-6	-7.8705E-6	-118.7112E-12	-3.0000E+0	1.1726E-6	-295.9746E-6		18.2934E-6	-18.3020E-6	-135.5903E-12	-3.0000E+0	2.7121E-6	-505.6857E-6	
9.1961E-6	-9.2051E-6	-45.0298E-12	-2.0000E+0	1.3345E-6	-284.1110E-6		21.4073E-6	-21.4158E-6	-39.6224E-12	-2.0000E+0	3.1138E-6	-482.1412E-6	
10.7373E-6	-10.7460E-6	34.0589E-12	-1.0000E+0	1.5411E-6	-272.2474E-6		24.9205E-6	-24.9290E-6	31.1784E-12	-1.0000E+0	3.5132E-6	-458.5966E-6	
12.4026E-6	-12.4112E-6	109.8124E-12	000.0000E-3	1.6652E-6	-260.3838E-6		28.8662E-6	-28.8742E-6	110.7726E-12	000.0000E-3	3.9456E-6	-435.0521E-6	
14.3202E-6	-14.3288E-6	209.2167E-12	1.0000E+0	1.9176E-6	-248.5202E-6		33.1943E-6	-33.2024E-6	181.4218E-12	1.0000E+0	4.3281E-6	-411.5075E-6	
16.3898E-6	-16.3982E-6	276.2779E-12	2.0000E+0	2.0695E-6	-236.6565E-6		38.0605E-6	-38.0684E-6	268.4953E-12	2.0000E+0	4.8662E-6	-387.9629E-6	
18.6826E-6	-18.6909E-6	341.1661E-12	3.0000E+0	2.2927E-6	-224.7929E-6		43.3559E-6	-43.3636E-6	337.9318E-12	3.0000E+0	5.2953E-6	-364.4184E-6	
21.1321E-6	-21.1404E-6	414.7464E-12	4.0000E+0	2.4495E-6	-212.9293E-6		49.1861E-6	-49.1939E-6	411.4616E-12	4.0000E+0	5.8302E-6	-340.8738E-6	
23.7333E-6	-23.7414E-6	496.6147E-12	5.0000E+0	2.6011E-6	-201.0657E-6		55.3799E-6	-55.4724E-6	415.3528E-12	5.0000E+0	6.1938E-6	-317.3292E-6	
26.6422E-6	-26.6500E-6	567.3651E-12	6.0000E+0	2.9088E-6	-189.2021E-6		62.0702E-6	-62.1625E-6	523.1967E-12	6.0000E+0	6.6903E-6	-293.7847E-6	
29.7027E-6	-29.7105E-6	634.5273E-12	7.0000E+0	3.0605E-6	-177.3385E-6		69.4157E-6	-69.5067E-6	592.0266E-12	7.0000E+0	7.3454E-6	-270.2401E-6	
33.0052E-6	-33.0129E-6	708.0572E-12	8.0000E+0	3.3024E-6	-165.4749E-6		77.2517E-6	-77.3439E-6	660.5534E-12	8.0000E+0	7.8360E-6	-246.6956E-6	
36.4578E-6	-36.4654E-6	785.0234E-12	9.0000E+0	3.4525E-6	-153.6113E-6		85.6868E-6	-85.7780E-6	728.8275E-12	9.0000E+0	8.4350E-6	-223.1510E-6	
40.1176E-6	-40.1254E-6	818.7309E-12	10.0000E+0	3.6598E-6	-141.7477E-6		94.4624E-6	-94.5529E-6	827.0695E-12	10.0000E+0	8.7755E-6	-199.6064E-6	
43.9909E-6	-43.9985E-6	912.7784E-12	11.0000E+0	3.8732E-6	-129.8841E-6		103.7886E-6	-103.8786E-6	912.2226E-12	11.0000E+0	9.3261E-6	-176.0619E-6	
48.1213E-6	-48.1287E-6	989.0877E-12	12.0000E+0	4.1303E-6	-118.0205E-6		113.7382E-6	-113.8285E-6	998.3357E-12	12.0000E+0	9.9496E-6	-152.5173E-6	
52.2166E-6	-52.3062E-6	984.7920E-12	13.0000E+0	4.0953E-6	-106.1568E-6		124.0097E-6	-124.0987E-6	1.0714E-9	13.0000E+0	10.2715E-6	-128.9728E-6	
56.7129E-6	-56.8013E-6	1.1240E-9	14.0000E+0	4.4962E-6	-94.2932E-6		134.7150E-6	-134.8052E-6	1.1560E-9	14.0000E+0	10.7052E-6	-105.4282E-6	
61.4494E-6	-61.5389E-6	1.2322E-9	15.0000E+0	4.7365E-6	-82.4296E-6		146.0711E-6	-146.1601E-6	1.2277E-9	15.0000E+0	11.3561E-6	-81.8836E-6	
66.4216E-6	-66.5106E-6	1.3133E-9	16.0000E+0	4.9721E-6	-70.5660E-6		158.0808E-6	-158.1681E-6	1.2970E-9	16.0000E+0	12.0097E-6	-58.3390E-6	
71.4470E-6	-71.5365E-6	1.4067E-9	17.0000E+0	5.0254E-6	-58.7024E-6		170.0423E-6	-170.1308E-6	1.3033E-9	17.0000E+0	11.9614E-6	-34.7945E-6	
76.8069E-6	-76.8959E-6	1.4922E-9	18.0000E+0	5.3599E-6	-46.8388E-6		182.8071E-6	-182.8948E-6	1.3938E-9	18.0000E+0	12.7648E-6	-11.2499E-6	
82.4330E-6	-82.5217E-6	1.5455E-9	19.0000E+0	5.6260E-6	-34.9751E-6		196.0112E-6	-196.0988E-6	1.5216E-9	19.0000E+0	13.2040E-6	12.2946E-6	
88.2025E-6	-88.2917E-6	1.6285E-9	20.0000E+0	5.7695E-6	-23.1115E-6		209.2062E-6	-209.2929E-6	1.5864E-9	20.0000E+0	13.1950E-6	35.8391E-6	
94.2841E-6	-94.3720E-6	1.6925E-9	21.0000E+0	6.0815E-6	-11.2479E-6		223.2448E-6	-223.3316E-6	1.7106E-9	21.0000E+0	14.0385E-6	59.3837E-6	
100.4254E-6	-100.5135E-6	1.7690E-9	22.0000E+0	6.1412E-6	615.6333E-9		237.4941E-6	-237.5801E-6	1.7691E-9	22.0000E+0	14.2492E-6	82.9283E-6	
106.7400E-6	-106.8282E-6	1.8280E-9	23.0000E+0	6.3146E-6	12.4792E-6		252.5064E-6	-252.5931E-6	1.8806E-9	23.0000E+0	15.0122E-6	106.4729E-6	
113.2005E-6	-113.2892E-6	1.8799E-9	24.0000E+0	6.4604E-6	24.3428E-6		267.6816E-6	-267.7671E-6	1.9139E-9	24.0000E+0	15.1752E-6	130.0174E-6	
119.9744E-6	-120.0618E-6	1.9487E-9	25.0000E+0	6.7738E-6	36.2064E-6		283.2330E-6	-283.3189E-6	2.0071E-9	25.0000E+0	15.5514E-6	153.5620E-6	
126.9932E-6	-127.0795E-6	2.0652E-9	26.0000E+0	7.0188E-6	48.0700E-6		299.0212E-6	-299.1069E-6	2.0689E-9	26.0000E+0	15.7881E-6	177.1066E-6	
133.8655E-6	-133.9531E-6	2.1582E-9	27.0000E+0	6.8723E-6	59.9336E-6		315.4608E-6	-315.5449E-6	2.1295E-9	27.0000E+0	16.4396E-6	200.6511E-6	
141.2432E-6	-141.3302E-6	2.2618E-9	28.0000E+0	7.3777E-6	71.7972E-6		331.9699E-6	-332.0547E-6	2.1853E-9	28.0000E+0	16.5091E-6	224.1957E-6	
148.6475E-6	-148.7341E-6	2.3481E-9	29.0000E+0	7.4042E-6	83.6609E-6		349.0867E-6	-349.1725E-6	2.2486E-9	29.0000E+0	17.1167E-6	247.7402E-6	
156.1255E-6	-156.2128E-6	2.4671E-9	30.0000E+0	7.4779E-6	95.5245E-6		366.0854E-6	-366.1705E-6	2.3025E-9	30.0000E+0	16.9987E-6	271.2848E-6	
163.9675E-6	-164.0540E-6	2.5228E-9	31.0000E+0	7.8420E-6	107.3881E-6		384.0221E-6	-384.1071E-6	2.4444E-9	31.0000E+0	17.9366E-6	294.8294E-6	
171.9849E-6	-172.0715E-6	2.6125E-9	32.0000E+0	8.0174E-6	119.2517E-6		401.8035E-6	-401.8885E-6	2.5156E-9	32.0000E+0	17.7813E-6	318.3739E-6	
180.0799E-6	-180.1662E-6	2.6910E-9	33.0000E+0	8.0949E-6	131.1153E-6		420.0788E-6	-420.1629E-6	2.6556E-9	33.0000E+0	18.2752E-6	341.9185E-6	
188.2959E-6	-188.3821E-6	2.7179E-9	34.0000E+0	8.2159E-6	142.9789E-6		438.2510E-6	-438.3343E-6	2.7784E-9	34.0000E+0	18.1722E-6	365.4631E-6	
196.5718E-6	-196.6573E-6	2.7713E-9	35.0000E+0	8.2758E-6	154.8425E-6		456.4512E-6	-456.5339E-6	2.8349E-9	35.0000E+0	18.2001E-6	389.0076E-6	
205.3754E-6	-205.4604E-6	2.8509E-9	36.0000E+0	8.8035E-6	166.7062E-6		474.8549E-6	-474.9380E-6	2.9085E-9	36.0000E+0	18.4037E-6	412.5522E-6	
214.1308E-6	-214.2155E-6	2.9446E-9	37.0000E+0	8.7554E-6	178.5698E-6		494.4040E-6	-494.4878E-6	2.9725E-9	37.0000E+0	19.5491E-6	436.0967E-6	
223.0756E-6	-223.1599E-6	2.9952E-9	38.0000E+0	8.9447E-6	190.4334E-6		512.3541E-6	-513.2480E-6	3.0389E-9	38.0000E+0	17.9501E-6	459.6413E-6	
232.1575E-6	-232.2422E-6	3.1161E-9	39.0000E+0	9.0819E-6	202.2970E-6		531.6609E-6	-532.5523E-6	3.1351E-9	39.0000E+0	19.3067E-6	483.1859E-6	
241.3211E-6	-241.4051E-6	3.2526E-9	40.0000E+0	9.1636E-6	214.1606E-6		552.0872E-6	-552.9853E-6	3.2170E-9	40.0000E+0	20.4263E-6	506.7304E-6	
250.3967E-6	-250.4814E-6	3.3586E-9	41.0000E+0	9.0755E-6	226.0242E-6		572.1382E-6	-573.0299E-6	3.2442E-9	41.0000E+0	20.0509E-6	530.2750E-6	
259.9267E-6	-260.0113E-6	3.4585E-9	42.0000E+0	9.5299E-6	237.8878E-6		591.9010E-6	-592.7928E-6	3.2679E-9	42.0000E+0	19.7628E-6	553.8196E-6	
269.3789E-6	-269.4627E-6	3.5389E-9	43.0000E+0	9.4521E-6	249.7514E-6		613.2781E-6	-614.1670E-6	3.3550E-9	43.0000E+0	21.3770E-6	577.3641E-6	
279.0980E-6	-279.1822E-6	3.5830E-9	44.0000E+0	9.7191E-6	261.6150E-6		633.2609E-6	-634.1520E-6	3.4395E-9	44.0000E+0	19.9828E-6	600.9087E-6	
289.0614E-6	-289.1435E-6	3.7141E-9	45.0000E+0	9.9634E-6	273.4786E-6		653.5425E-6	-654.4368E-6	3.5301E-9	45.0000E+0	20.2815E-6	624.4532E-6	
298.7434E-6	-298.8265E-6	3.7493E-9	46.0000E+0	9.6819E-6	285.3422E-6		674.0885E-6	-674.9803E-6	3.6585E-9	46.0000E+0	20.5459E-6	647.9978E-6	
308.3996E-6	-308.4820E-6	3.7578E-9	47.0000E+0	9.6562E-6	297.2059E-6		694.6885E-6	-695.5845E-6	3.7622E-9	47.0000E+0	20.5999E-6	671.5424E-6	
318.8386E-6	-318.9218E-6	3.7830E-9	48.0000E+0	10.4389E-6	309.0695E-6		715.7319E-6	-716.6186E-6	3.8708E-9	48.0000E+0	21.0434E-6	695.0869E-6	
329.1158E-6	-329.1988E-6	3.8682E-9	49.0000E+0	10.2772E-6	320.9331E-6		736.8098E-6	-737.7026E-6	4.0172E-9	49.0000E+0	21.0778E-6	718.6315E-6	
339.8357E-6	-339.9191E-6	3.9652E-9	50.0000E+0	10.7199E-6	332.7967E-6		757.5682E-6	-758.4557E-6	4.0323E-9	50.0000E+0	20.7584E-6	742.1761E-6	
350.1486E-6	-350.2310E-6	4.0027E-9	51.0000E+0	10.3128E-6	344.6603E-6		777.6626E-6	-778.5466E-6	4.1207E-9	51.0000E+0	20.0943E-6	765.7206E-6	
361.3478E-6	-361.4300E-6	4.1784E-9	52.0000E+0	11.1992E-6	356.5239E-6		798.8348E-6	-799.7300E-6	4.2720E-9	52.0000E+0	21.1721E-6	789.2652E-6	
371.2670E-6	-371.3487E-6	4.3942E-9	53.0000E+0	9.9191E-6	368.3875E-6		819.7936E-6	-820.6844E-6	4.3090E-9	53.0000E+0	20.9587E-6	812.8097E-6	
382.1316E-6	-382.2136E-6	4.4715E-9	54.0000E+0	10.8646E-6	380.2511E-6		841.1004E-6	-841.9910E-6	4.3416E-9	54.0000E+0	21.3068E-6	836.3543E-6	
392.8773E-6	-392.9585E-6	4.5567E-9	55.0000E+0	10.7456E-6	392.1147E-6		862.3059E-6	-863.1916E-6	4.3752E-9	55.0000E+0	21.2055E-6	859.8989E-6	
392.1384E-6	-392.2214E-6	4.4905E-9	55.0000E+0	#REF	392.1147E-6		860.7856E-6	-861.6722E-6	4.3130E-9	55.0000E+0	#REF	859.8989E-6	
380.2511E-6	-380.3323E-6	4.2353E-9	54.0000E+0	11.8873E-6	380.2511E-6		836.9884E-6	-837.8738E-6	4.0144E-9	54.0000E+0	23.7972E-6	836.3543E-6	
368.4112E-6	-368.4931E-6	4.0612E-9	53.0000E+0	11.8399E-6	368.3875E-6		812.8097E-6	-813.6944E-6	4.0456E-9	53.0000E+0	24.1786E-6	812.8097E-6	
356.5956E-6	-356.6782E-6	3.8865E-9	52.0000E+0	11.8155E-6	356.5239E-6		789.8993E-6	-790.7776E-6	4.0010E-9	52.0000E+0	22.9104E-6	789.2652E-6	
344.9621E-6	-345.0431E-6	3.7265E-9	51.0000E+0	11.6335E-6	344.6603E-6		766.6506E-6	-767.5267E-6	3.9052E-9	51.0000E+0	23.2486E-6	765.7206E-6	
333.1270E-6	-333.2079E-6	3.6700E-9	50.0000E+0	11.8350E-6	332.7967E-6		743.6613E-6	-744.5326E-6	3.7378E-9	50.0000E+0	22.9892E-6	742.1761E-6	
322.0093E-6	-322.0911E-6	3.6151E-9	49.0000E+0	11.1177E-6	320.9331E-6		720.6292E-6	-721.5093E-6	3.7490E-9	49.0000E+0	23.0321E-6	718.6315E-6	
311.0628E-6	-311.1433E-6	3.5254E-9	48.0000E+0	10.9464E-6	309.0695E-6		697.5001E-6	-698.3801E-6	3.5381E-9	48.0000E+0	23.1291E-6	695.0869E-6	
300.2775E-6	-300.3587E-6	3.5400E-9	47.0000E+0	10.7853E-6	297.2059E-6		675.0760E-6	-675.9659E-6	3.4224E-9	47.0000E+0	22.4240E-6	671.5424E-6	
289.5859E-6	-289.6689E-6	3.4369E-9	46.0000E+0	10.6915E-6	285.3422E-6		652.7407E-6	-653.6268E-6	3.2839E-9	46.0000E+0	22.3353E-6	647.9978E-6	
278.8790E-6	-278.9614E-6	3.2558E-9	45.0000E+0	10.7069E-6	273.4786E-6		631.1623E-6	-632.0432E-6	3.1810E-9	45.0000E+0	21.5784E-6	624.4532E-6	
268.1167E-6	-268.2003E-6	3.2137E-9	44.0000E+0	10.7623E-6	261.6150E-6		608.4960E-6	-609.3650E-6	3.0118E-9	44.0000E+0	22.6663E-6	600.9087E-6	
257.9798E-6	-258.0625E-6	3.0619E-9	43.0000E+0	10.1369E-6	249.7514E-6		587.1466E-6	-588.0276E-6	2.9636E-9	43.0000E+0	21.3493E-6	577.3641E-6	
247.9625E-6	-248.0450E-6	2.9210E-9	42.0000E+0	10.0172E-6	237.8878E-6		565.3866E-6	-566.2679E-6	2.9957E-9	42.0000E+0	21.7600E-6	553.8196E-6	
238.0746E-6	-238.1567E-6	2.7428E-9	41.0000E+0	9.8879E-6	226.0242E-6		544.4717E-6	-545.3615E-6	2.9559E-9	41.0000E+0	20.9148E-6	530.2750E-6	
228.4096E-6	-228.4935E-6	2.7764E-9	40.0000E+0	9.6650E-6	214.1606E-6		523.1482E-6	-524.0372E-6	2.8025E-9	40.0000E+0	21.3235E-6	506.7304E-6	
219.0175E-6	-219.1004E-6	2.6404E-9	39.0000E+0	9.3920E-6	202.2970E-6		502.7546E-6	-503.6416E-6	2.7248E-9	39.0000E+0	20.3935E-6	483.1859E-6	
209.6744E-6	-209.7572E-6	2.6499E-9	38.0000E+0	9.3431E-6	190.4334E-6		482.2056E-6	-483.0974E-6	2.6090E-9	38.0000E+0	20.5489E-6	459.6413E-6	
200.6805E-6	-200.7647E-6	2.5560E-9	37.0000E+0	8.9938E-6	178.5698E-6		462.8293E-6	-463.7154E-6	2.4657E-9	37.0000E+0	19.3763E-6	436.0967E-6	
191.8355E-6	-191.9187E-6	2.5101E-9	36.0000E+0	8.8449E-6	166.7062E-6		443.3379E-6	-444.2185E-6	2.3522E-9	36.0000E+0	19.4913E-6	412.5522E-6	
182.8834E-6	-182.9682E-6	2.3902E-9	35.0000E+0	8.9520E-6	154.8425E-6		423.3091E-6	-424.1976E-6	2.2592E-9	35.0000E+0	20.0287E-6	389.0076E-6	
174.3935E-6	-174.4775E-6	2.2960E-9	34.0000E+0	8.4899E-6	142.9789E-6		404.3552E-6	-405.2355E-6	2.2195E-9	34.0000E+0	18.9539E-6	365.4631E-6	
166.3071E-6	-166.3904E-6	2.1880E-9	33.0000E+0	8.0863E-6	131.1153E-6		386.4747E-6	-386.5598E-6	2.1701E-9	33.0000E+0	17.8804E-6	341.9185E-6	
158.0538E-6	-158.1386E-6	2.0064E-9	32.0000E+0	8.2532E-6	119.2517E-6		367.8994E-6	-367.9862E-6	2.0763E-9	32.0000E+0	18.5752E-6	318.3739E-6	
150.2197E-6	-150.3051E-6	1.8882E-9	31.0000E+0	7.8340E-6	107.3881E-6		349.5945E-6	-349.6803E-6	2.0736E-9	31.0000E+0	18.3049E-6	294.8294E-6	
142.4547E-6	-142.5403E-6	1.8678E-9	30.0000E+0	7.7650E-6	95.5245E-6		332.2125E-6	-332.2999E-6	1.9589E-9	30.0000E+0	17.3820E-6	271.2848E-6	
135.1739E-6	-135.2599E-6	1.8275E-9	29.0000E+0	7.2808E-6	83.6609E-6		315.4609E-6	-315.5470E-6	1.8621E-9	29.0000E+0	16.7515E-6	247.7402E-6	
127.8258E-6	-127.9114E-6	1.7723E-9	28.0000E+0	7.3481E-6	71.7972E-6		298.5659E-6	-298.6520E-6	1.7602E-9	28.0000E+0	16.8950E-6	224.1957E-6	
120.7324E-6	-120.8186E-6	1.6910E-9	27.0000E+0	7.0934E-6	59.9336E-6		282.8479E-6	-282.9345E-6	1.6700E-9	27.0000E+0	15.7179E-6	200.6511E-6	
113.8911E-6	-113.9782E-6	1.6231E-9	26.0000E+0	6.8412E-6	48.0700E-6		266.6902E-6	-266.7766E-6	1.5628E-9	26.0000E+0	16.1577E-6	177.1066E-6	
107.2092E-6	-107.2956E-6	1.5194E-9	25.0000E+0	6.6819E-6	36.2064E-6		251.1607E-6	-251.2476E-6	1.4501E-9	25.0000E+0	15.5294E-6	153.5620E-6	
100.8357E-6	-100.9218E-6	1.4397E-9	24.0000E+0	6.3735E-6	24.3428E-6		236.5449E-6	-236.6321E-6	1.3661E-9	24.0000E+0	14.6158E-6	130.0174E-6	
94.5514E-6	-94.6380E-6	1.2947E-9	23.0000E+0	6.2842E-6	12.4792E-6		221.7190E-6	-221.8071E-6	1.3474E-9	23.0000E+0	14.8259E-6	106.4729E-6	
88.6975E-6	-88.7848E-6	1.2065E-9	22.0000E+0	5.8538E-6	615.6333E-9		207.8683E-6	-207.9561E-6	1.2749E-9	22.0000E+0	13.8506E-6	82.9283E-6	
82.8920E-6	-82.9800E-6	1.1533E-9	21.0000E+0	5.8054E-6	-11.2479E-6		194.3590E-6	-194.4476E-6	1.2042E-9	21.0000E+0	13.5092E-6	59.3837E-6	
77.4287E-6	-77.5161E-6	1.0918E-9	20.0000E+0	5.4632E-6	-23.1115E-6		181.5266E-6	-181.6149E-6	1.1194E-9	20.0000E+0	12.8324E-6	35.8391E-6	
72.0372E-6	-72.1250E-6	1.0357E-9	19.0000E+0	5.3915E-6	-34.9751E-6		168.6462E-6	-168.7343E-6	1.0457E-9	19.0000E+0	12.8804E-6	12.2946E-6	
66.9685E-6	-67.0569E-6	989.5424E-12	18.0000E+0	5.0687E-6	-46.8388E-6		156.5837E-6	-156.6730E-6	921.3190E-12	18.0000E+0	12.0624E-6	-11.2499E-6	
62.0641E-6	-62.1527E-6	903.9346E-12	17.0000E+0	4.9043E-6	-58.7024E-6		144.7145E-6	-144.8038E-6	822.9760E-12	17.0000E+0	11.8691E-6	-34.7945E-6	
57.3200E-6	-57.4079E-6	804.6819E-12	16.0000E+0	4.7440E-6	-70.5660E-6		133.7322E-6	-133.8219E-6	768.7509E-12	16.0000E+0	10.9823E-6	-58.3390E-6	
52.7331E-6	-52.8217E-6	675.3604E-12	15.0000E+0	4.5869E-6	-82.4296E-6		123.2357E-6	-123.3257E-6	709.2195E-12	15.0000E+0	10.4965E-6	-81.8836E-6	
48.4479E-6	-48.5371E-6	584.8505E-12	14.0000E+0	4.2852E-6	-94.2932E-6		113.0572E-6	-113.1468E-6	656.4094E-12	14.0000E+0	10.1784E-6	-105.4282E-6	
44.4414E-6	-44.5301E-6	533.1017E-12	13.0000E+0	4.0064E-6	-106.1568E-6		103.7404E-6	-103.8309E-6	577.3206E-12	13.0000E+0	9.3168E-6	-128.9728E-6	
40.6362E-6	-40.7258E-6	463.8168E-12	12.0000E+0	3.8052E-6	-118.0205E-6		94.5839E-6	-94.6742E-6	505.7617E-12	12.0000E+0	9.1564E-6	-152.5173E-6	
37.2084E-6	-37.2160E-6	427.0267E-12	11.0000E+0	3.4277E-6	-129.8841E-6		85.9895E-6	-86.0813E-6	395.4922E-12	11.0000E+0	8.5944E-6	-176.0619E-6	
33.7500E-6	-33.7576E-6	341.4693E-12	10.0000E+0	3.4584E-6	-141.7477E-6		77.8453E-6	-77.9373E-6	346.9272E-12	10.0000E+0	8.1442E-6	-199.6064E-6	
30.5558E-6	-30.5636E-6	275.9747E-12	9.0000E+0	3.1941E-6	-153.6113E-6		70.3291E-6	-70.4205E-6	245.6531E-12	9.0000E+0	7.5161E-6	-223.1510E-6	
27.4918E-6	-27.4996E-6	214.4724E-12	8.0000E+0	3.0640E-6	-165.4749E-6		63.0798E-6	-63.1713E-6	165.1998E-12	8.0000E+0	7.2492E-6	-246.6956E-6	
24.6881E-6	-24.6960E-6	126.4387E-12	7.0000E+0	2.8036E-6	-177.3385E-6		56.4946E-6	-56.5870E-6	82.7756E-12	7.0000E+0	6.5852E-6	-270.2401E-6	
22.0748E-6	-22.0829E-6	47.5520E-12	6.0000E+0	2.6133E-6	-189.2021E-6		50.4559E-6	-50.5484E-6	13.5413E-12	6.0000E+0	6.0386E-6	-293.7847E-6	
19.6370E-6	-19.6451E-6	-44.3728E-12	5.0000E+0	2.4378E-6	-201.0657E-6		44.7045E-6	-44.7971E-6	-54.3284E-12	5.0000E+0	5.7513E-6	-317.3292E-6	
17.3559E-6	-17.3641E-6	-124.7250E-12	4.0000E+0	2.2811E-6	-212.9293E-6		39.8979E-6	-39.9057E-6	-52.6101E-12	4.0000E+0	4.8066E-6	-340.8738E-6	
15.2886E-6	-15.2970E-6	-194.0604E-12	3.0000E+0	2.0672E-6	-224.7929E-6		34.9594E-6	-34.9672E-6	-149.1844E-12	3.0000E+0	4.9384E-6	-364.4184E-6	
13.4056E-6	-13.4142E-6	-246.0619E-12	2.0000E+0	1.8829E-6	-236.6565E-6		30.5929E-6	-30.6010E-6	-239.9470E-12	2.0000E+0	4.3665E-6	-387.9629E-6	
11.6927E-6	-11.7013E-6	-313.3229E-12	1.0000E+0	1.7129E-6	-248.5202E-6		26.5944E-6	-26.6025E-6	-311.3521E-12	1.0000E+0	3.9985E-6	-411.5075E-6	
10.1461E-6	-10.1548E-6	-397.6632E-12	000.0000E-3	1.5465E-6	-260.3838E-6		23.0969E-6	-23.1052E-6	-366.7368E-12	000.0000E-3	3.4974E-6	-435.0521E-6	
8.7299E-6	-8.7386E-6	-463.7104E-12	-1.0000E+0	1.4162E-6	-272.2474E-6		19.8989E-6	-19.9073E-6	-469.0164E-12	-1.0000E+0	3.1979E-6	-458.5966E-6	
7.5093E-6	-7.5180E-6	-532.4359E-12	-2.0000E+0	1.2206E-6	-284.1110E-6		17.0836E-6	-17.0921E-6	-539.1063E-12	-2.0000E+0	2.8153E-6	-482.1412E-6	
6.4380E-6	-6.4470E-6	-593.9856E-12	-3.0000E+0	1.0712E-6	-295.9746E-6		14.6720E-6	-14.6807E-6	-613.9463E-12	-3.0000E+0	2.4115E-6	-505.6857E-6	
5.4865E-6	-5.4954E-6	-669.2805E-12	-4.0000E+0	951.5202E-9	-307.8382E-6		12.5531E-6	-12.5620E-6	-686.9672E-12	-4.0000E+0	2.1188E-6	-529.2303E-6	
4.6854E-6	-4.6942E-6	-741.5938E-12	-5.0000E+0	801.1370E-9	-319.7018E-6		10.7289E-6	-10.7378E-6	-737.7028E-12	-5.0000E+0	1.8241E-6	-552.7749E-6	
4.0030E-6	-4.0120E-6	-823.1043E-12	-6.0000E+0	682.3338E-9	-331.5654E-6		9.2259E-6	-9.2348E-6	-813.6040E-12	-6.0000E+0	1.5030E-6	-576.3194E-6	
3.4551E-6	-3.4562E-6	-800.2127E-12	-7.0000E+0	547.9169E-9	-343.4290E-6		7.8568E-6	-7.8659E-6	-888.5451E-12	-7.0000E+0	1.3690E-6	-599.8640E-6	
2.9323E-6	-2.9334E-6	-931.2964E-12	-8.0000E+0	522.8178E-9	-355.2926E-6		6.7168E-6	-6.7258E-6	-915.0752E-12	-8.0000E+0	1.1400E-6	-623.4086E-6	
2.5013E-6	-2.5026E-6	-981.9309E-12	-9.0000E+0	430.9663E-9	-367.1562E-6		5.7288E-6	-5.7379E-6	-990.7237E-12	-9.0000E+0	987.9200E-9	-646.9531E-6	
2.1272E-6	-2.1283E-6	-1.0616E-9	-10.0000E+0	374.1443E-9	-379.0199E-6		4.8474E-6	-4.8568E-6	-1.0557E-9	-10.0000E+0	881.4036E-9	-670.4977E-6	
1.8031E-6	-1.8043E-6	-1.1551E-9	-11.0000E+0	324.1232E-9	-390.8835E-6		4.1278E-6	-4.1371E-6	-1.1386E-9	-11.0000E+0	719.6227E-9	-694.0422E-6	
1.5236E-6	-1.5248E-6	-1.2398E-9	-12.0000E+0	279.4493E-9	-402.7471E-6		3.5301E-6	-3.5312E-6	-1.1227E-9	-12.0000E+0	597.7442E-9	-717.5868E-6	
1.2913E-6	-1.2925E-6	-1.2510E-9	-13.0000E+0	232.3064E-9	-414.6107E-6		2.9616E-6	-2.9627E-6	-1.2381E-9	-13.0000E+0	568.4988E-9	-741.1314E-6	
1.0875E-6	-1.0888E-6	-1.3420E-9	-14.0000E+0	203.8081E-9	-426.4743E-6		2.4833E-6	-2.4846E-6	-1.3116E-9	-14.0000E+0	478.2171E-9	-764.6759E-6	
914.2551E-9	-915.5028E-9	-1.3975E-9	-15.0000E+0	173.3016E-9	-438.3379E-6		2.0733E-6	-2.0744E-6	-1.4362E-9	-15.0000E+0	410.0855E-9	-788.2205E-6	
762.8283E-9	-764.0326E-9	-1.4997E-9	-16.0000E+0	151.4268E-9	-450.2015E-6		1.7179E-6	-1.7190E-6	-1.5504E-9	-16.0000E+0	355.3376E-9	-811.7651E-6	
634.3739E-9	-635.5467E-9	-1.6163E-9	-17.0000E+0	128.4544E-9	-462.0651E-6		1.4190E-6	-1.4203E-6	-1.5960E-9	-17.0000E+0	298.8888E-9	-835.3096E-6	
528.5339E-9	-529.7099E-9	-1.7012E-9	-18.0000E+0	105.8400E-9	-473.9287E-6		1.1735E-6	-1.1747E-6	-1.6935E-9	-18.0000E+0	245.5689E-9	-858.8542E-6	
434.1771E-9	-435.3899E-9	-1.7805E-9	-19.0000E+0	94.3568E-9	-485.7923E-6		962.3549E-9	-963.5073E-9	-1.7608E-9	-19.0000E+0	211.1577E-9	-882.3987E-6	
361.8497E-9	-361.9114E-9	-1.7796E-9	-20.0000E+0	72.3274E-9	-497.6559E-6		784.9338E-9	-786.1365E-9	-1.8185E-9	-20.0000E+0	177.4210E-9	-905.9433E-6	
