DrainI(1)	SourceI(1)	GateI(1)	GateV(1)	GM(1)	IDLIN(1)	VT(1)	DrainI(2)	SourceI(2)	GateI(2)	GateV(2)	GM(2)	IDLIN(2)	VT(2)
350.8214E-9	-350.8893E-9	-1.9662E-9	-20.0000E+0	#REF	-165.0805E-6	14.2466E+0	684.9930E-9	-686.2005E-9	-1.6368E-9	-20.0000E+0	#REF	-324.8298E-6	13.9370E+0
463.3933E-9	-463.5117E-9	-1.6813E-9	-19.0000E+0	112.5719E-9	-160.2601E-6		898.1352E-9	-899.3752E-9	-1.4503E-9	-19.0000E+0	213.1422E-9	-315.2582E-6	
600.1072E-9	-601.3611E-9	-1.4587E-9	-18.0000E+0	136.7139E-9	-155.4398E-6		1.1620E-6	-1.1632E-6	-1.3473E-9	-18.0000E+0	263.9255E-9	-305.6867E-6	
766.3763E-9	-767.7172E-9	-1.3061E-9	-17.0000E+0	166.2692E-9	-150.6194E-6		1.4767E-6	-1.4779E-6	-1.2621E-9	-17.0000E+0	314.6940E-9	-296.1151E-6	
958.1304E-9	-959.3322E-9	-1.2335E-9	-16.0000E+0	191.7541E-9	-145.7991E-6		1.8462E-6	-1.8474E-6	-1.1823E-9	-16.0000E+0	369.4902E-9	-286.5436E-6	
1.1899E-6	-1.1911E-6	-1.1088E-9	-15.0000E+0	231.7993E-9	-140.9788E-6		2.2875E-6	-2.2886E-6	-1.1236E-9	-15.0000E+0	441.2666E-9	-276.9720E-6	
1.4526E-6	-1.4538E-6	-1.0607E-9	-14.0000E+0	262.7235E-9	-136.1584E-6		2.7892E-6	-2.7904E-6	-1.0323E-9	-14.0000E+0	501.7810E-9	-267.4005E-6	
1.7601E-6	-1.7613E-6	-930.0836E-12	-13.0000E+0	307.5006E-9	-131.3381E-6		3.3807E-6	-3.3819E-6	-949.9432E-12	-13.0000E+0	591.4669E-9	-257.8289E-6	
2.0921E-6	-2.0932E-6	-856.5574E-12	-12.0000E+0	331.9542E-9	-126.5177E-6		4.0453E-6	-4.0464E-6	-828.7640E-12	-12.0000E+0	664.5598E-9	-248.2574E-6	
2.4892E-6	-2.4903E-6	-732.8010E-12	-11.0000E+0	397.1120E-9	-121.6974E-6		4.7978E-6	-4.7989E-6	-718.4495E-12	-11.0000E+0	752.5696E-9	-238.6858E-6	
2.9270E-6	-2.9282E-6	-609.4995E-12	-10.0000E+0	437.8662E-9	-116.8770E-6		5.6285E-6	-5.6383E-6	-736.4394E-12	-10.0000E+0	830.6934E-9	-229.1143E-6	
3.4304E-6	-3.4316E-6	-538.0451E-12	-9.0000E+0	503.3146E-9	-112.0567E-6		6.5872E-6	-6.5968E-6	-628.7021E-12	-9.0000E+0	958.6793E-9	-219.5427E-6	
3.9958E-6	-3.9969E-6	-488.7750E-12	-8.0000E+0	565.4397E-9	-107.2364E-6		7.6929E-6	-7.7024E-6	-525.3107E-12	-8.0000E+0	1.1056E-6	-209.9712E-6	
4.6282E-6	-4.6293E-6	-431.3185E-12	-7.0000E+0	632.4390E-9	-102.4160E-6		8.9124E-6	-8.9219E-6	-420.5043E-12	-7.0000E+0	1.2194E-6	-200.3996E-6	
5.3469E-6	-5.3564E-6	-352.6885E-12	-6.0000E+0	718.6536E-9	-97.5956E-6		10.3399E-6	-10.3494E-6	-329.5441E-12	-6.0000E+0	1.4275E-6	-190.8281E-6	
6.2018E-6	-6.2113E-6	-259.2012E-12	-5.0000E+0	854.9459E-9	-92.7753E-6		11.9423E-6	-11.9515E-6	-278.1516E-12	-5.0000E+0	1.6023E-6	-181.2565E-6	
7.1546E-6	-7.1640E-6	-189.7648E-12	-4.0000E+0	952.8139E-9	-87.9549E-6		13.7664E-6	-13.7756E-6	-190.3712E-12	-4.0000E+0	1.8241E-6	-171.6850E-6	
8.2575E-6	-8.2667E-6	-104.3085E-12	-3.0000E+0	1.1028E-6	-83.1346E-6		15.8582E-6	-15.8674E-6	-123.1079E-12	-3.0000E+0	2.0917E-6	-162.1134E-6	
9.5215E-6	-9.5307E-6	-25.8766E-12	-2.0000E+0	1.2640E-6	-78.3142E-6		18.2496E-6	-18.2586E-6	-50.3360E-12	-2.0000E+0	2.3913E-6	-152.5418E-6	
10.9439E-6	-10.9531E-6	61.8032E-12	-1.0000E+0	1.4223E-6	-73.4939E-6		20.8755E-6	-20.8843E-6	43.6102E-12	-1.0000E+0	2.6258E-6	-142.9703E-6	
12.5140E-6	-12.5231E-6	120.0207E-12	000.0000E-3	1.5701E-6	-68.6736E-6		23.8842E-6	-23.8930E-6	88.4862E-12	000.0000E-3	3.0087E-6	-133.3987E-6	
14.2244E-6	-14.2334E-6	204.7189E-12	1.0000E+0	1.7103E-6	-63.8532E-6		27.1469E-6	-27.1556E-6	187.4862E-12	1.0000E+0	3.2627E-6	-123.8272E-6	
16.0305E-6	-16.0394E-6	285.6270E-12	2.0000E+0	1.8061E-6	-59.0329E-6		30.7020E-6	-30.7105E-6	274.9639E-12	2.0000E+0	3.5550E-6	-114.2556E-6	
18.0365E-6	-18.0454E-6	360.2181E-12	3.0000E+0	2.0060E-6	-54.2125E-6		34.4390E-6	-34.4475E-6	344.1982E-12	3.0000E+0	3.7370E-6	-104.6841E-6	
20.0824E-6	-20.0914E-6	423.0848E-12	4.0000E+0	2.0459E-6	-49.3922E-6		38.4825E-6	-38.4911E-6	398.3728E-12	4.0000E+0	4.0435E-6	-95.1125E-6	
22.2092E-6	-22.2180E-6	496.3115E-12	5.0000E+0	2.1267E-6	-44.5718E-6		42.7464E-6	-42.7548E-6	472.2059E-12	5.0000E+0	4.2638E-6	-85.5409E-6	
24.4503E-6	-24.4589E-6	562.5642E-12	6.0000E+0	2.2411E-6	-39.7515E-6		47.1073E-6	-47.1155E-6	542.9057E-12	6.0000E+0	4.3608E-6	-75.9694E-6	
26.7302E-6	-26.7389E-6	645.7463E-12	7.0000E+0	2.2798E-6	-34.9312E-6		51.5299E-6	-51.6275E-6	556.1966E-12	7.0000E+0	4.4225E-6	-66.3978E-6	
29.1395E-6	-29.1481E-6	737.5702E-12	8.0000E+0	2.4093E-6	-30.1108E-6		56.2328E-6	-56.3298E-6	681.1721E-12	8.0000E+0	4.7029E-6	-56.8263E-6	
31.5567E-6	-31.5652E-6	805.3390E-12	9.0000E+0	2.4172E-6	-25.2905E-6		61.1384E-6	-61.2360E-6	752.6299E-12	9.0000E+0	4.9055E-6	-47.2547E-6	
34.1138E-6	-34.1220E-6	864.7187E-12	10.0000E+0	2.5570E-6	-20.4701E-6		66.2712E-6	-66.3681E-6	845.2118E-12	10.0000E+0	5.1327E-6	-37.6832E-6	
36.7030E-6	-36.7112E-6	934.6605E-12	11.0000E+0	2.5892E-6	-15.6498E-6		71.4688E-6	-71.5653E-6	897.3144E-12	11.0000E+0	5.1976E-6	-28.1116E-6	
39.3731E-6	-39.3813E-6	1.0138E-9	12.0000E+0	2.6701E-6	-10.8294E-6		76.7500E-6	-76.8462E-6	967.0540E-12	12.0000E+0	5.2811E-6	-18.5401E-6	
42.0782E-6	-42.0864E-6	1.0600E-9	13.0000E+0	2.7050E-6	-6.0091E-6		82.2624E-6	-82.3575E-6	1.0128E-9	13.0000E+0	5.5124E-6	-8.9685E-6	
44.8378E-6	-44.8460E-6	1.1356E-9	14.0000E+0	2.7596E-6	-1.1887E-6		87.9235E-6	-88.0197E-6	1.1138E-9	14.0000E+0	5.6610E-6	602.9732E-9	
47.6983E-6	-47.7063E-6	1.2169E-9	15.0000E+0	2.8604E-6	3.6315E-6		93.6388E-6	-93.7337E-6	1.2189E-9	15.0000E+0	5.7152E-6	10.1745E-6	
50.4666E-6	-50.5624E-6	1.2607E-9	16.0000E+0	2.7683E-6	8.4518E-6		99.4499E-6	-99.5457E-6	1.3001E-9	16.0000E+0	5.8111E-6	19.7460E-6	
53.4093E-6	-53.5047E-6	1.3824E-9	17.0000E+0	2.9427E-6	13.2722E-6		105.4334E-6	-105.5280E-6	1.3907E-9	17.0000E+0	5.9834E-6	29.3176E-6	
56.4917E-6	-56.5862E-6	1.4585E-9	18.0000E+0	3.0823E-6	18.0925E-6		111.4792E-6	-111.5746E-6	1.4555E-9	18.0000E+0	6.0457E-6	38.8891E-6	
59.5438E-6	-59.6384E-6	1.5595E-9	19.0000E+0	3.0521E-6	22.9129E-6		117.7080E-6	-117.8037E-6	1.5246E-9	19.0000E+0	6.2288E-6	48.4607E-6	
62.6807E-6	-62.7759E-6	1.6102E-9	20.0000E+0	3.1369E-6	27.7332E-6		123.9145E-6	-124.0096E-6	1.5377E-9	20.0000E+0	6.2065E-6	58.0322E-6	
65.8730E-6	-65.9676E-6	1.6814E-9	21.0000E+0	3.1923E-6	32.5536E-6		130.3960E-6	-130.4910E-6	1.6269E-9	21.0000E+0	6.4814E-6	67.6038E-6	
69.0643E-6	-69.1585E-6	1.6911E-9	22.0000E+0	3.1913E-6	37.3739E-6		136.8795E-6	-136.9735E-6	1.7416E-9	22.0000E+0	6.4835E-6	77.1753E-6	
72.3425E-6	-72.4358E-6	1.7929E-9	23.0000E+0	3.2781E-6	42.1943E-6		143.5532E-6	-143.6466E-6	1.8532E-9	23.0000E+0	6.6737E-6	86.7469E-6	
75.6610E-6	-75.7547E-6	1.9314E-9	24.0000E+0	3.3185E-6	47.0146E-6		150.1551E-6	-150.2491E-6	1.9669E-9	24.0000E+0	6.6018E-6	96.3184E-6	
79.1104E-6	-79.2034E-6	2.0285E-9	25.0000E+0	3.4493E-6	51.8349E-6		157.0066E-6	-157.1013E-6	2.0125E-9	25.0000E+0	6.8515E-6	105.8900E-6	
82.4585E-6	-82.5519E-6	2.1325E-9	26.0000E+0	3.3481E-6	56.6553E-6		163.8198E-6	-163.9149E-6	2.0406E-9	26.0000E+0	6.8131E-6	115.4616E-6	
85.9145E-6	-86.0076E-6	2.1866E-9	27.0000E+0	3.4559E-6	61.4756E-6		170.8487E-6	-170.9419E-6	2.1197E-9	27.0000E+0	7.0289E-6	125.0331E-6	
89.3961E-6	-89.4884E-6	2.2187E-9	28.0000E+0	3.4816E-6	66.2960E-6		177.8827E-6	-177.9768E-6	2.1593E-9	28.0000E+0	7.0340E-6	134.6047E-6	
92.9275E-6	-93.0204E-6	2.2901E-9	29.0000E+0	3.5314E-6	71.1163E-6		185.0480E-6	-185.1420E-6	2.2694E-9	29.0000E+0	7.1653E-6	144.1762E-6	
96.5081E-6	-96.6017E-6	2.3480E-9	30.0000E+0	3.5806E-6	75.9367E-6		192.3241E-6	-192.4178E-6	2.4007E-9	30.0000E+0	7.2761E-6	153.7478E-6	
100.1448E-6	-100.2372E-6	2.4534E-9	31.0000E+0	3.6366E-6	80.7570E-6		199.6869E-6	-199.7794E-6	2.5403E-9	31.0000E+0	7.3627E-6	163.3193E-6	
103.8402E-6	-103.9320E-6	2.5796E-9	32.0000E+0	3.6954E-6	85.5774E-6		207.1029E-6	-207.1958E-6	2.6001E-9	32.0000E+0	7.4160E-6	172.8909E-6	
107.4999E-6	-107.5909E-6	2.7320E-9	33.0000E+0	3.6596E-6	90.3977E-6		214.5125E-6	-214.6046E-6	2.6526E-9	33.0000E+0	7.4096E-6	182.4624E-6	
111.2944E-6	-111.3864E-6	2.7569E-9	34.0000E+0	3.7944E-6	95.2180E-6		222.0702E-6	-222.1636E-6	2.6994E-9	34.0000E+0	7.5576E-6	192.0340E-6	
115.0263E-6	-115.1177E-6	2.7953E-9	35.0000E+0	3.7319E-6	100.0384E-6		229.5225E-6	-229.6149E-6	2.6830E-9	35.0000E+0	7.4522E-6	201.6056E-6	
118.7974E-6	-118.8886E-6	2.8792E-9	36.0000E+0	3.7710E-6	104.8588E-6		237.4935E-6	-237.5852E-6	2.8150E-9	36.0000E+0	7.9710E-6	211.1771E-6	
122.5768E-6	-122.6673E-6	2.8972E-9	37.0000E+0	3.7793E-6	109.6791E-6		245.2350E-6	-245.3265E-6	2.9198E-9	37.0000E+0	7.7414E-6	220.7487E-6	
126.6583E-6	-126.7491E-6	2.9541E-9	38.0000E+0	4.0815E-6	114.4995E-6		253.0750E-6	-253.1666E-6	3.0718E-9	38.0000E+0	7.8400E-6	230.3202E-6	
130.5881E-6	-130.6787E-6	3.1188E-9	39.0000E+0	3.9298E-6	119.3198E-6		260.8404E-6	-260.9314E-6	3.2159E-9	39.0000E+0	7.7653E-6	239.8918E-6	
134.5882E-6	-134.6785E-6	3.3018E-9	40.0000E+0	4.0001E-6	124.1401E-6		268.6433E-6	-268.7343E-6	3.2566E-9	40.0000E+0	7.8029E-6	249.4633E-6	
138.5431E-6	-138.6320E-6	3.3360E-9	41.0000E+0	3.9548E-6	128.9605E-6		276.7711E-6	-276.8620E-6	3.2428E-9	41.0000E+0	8.1277E-6	259.0349E-6	
142.3493E-6	-142.4399E-6	3.3882E-9	42.0000E+0	3.8061E-6	133.7808E-6		284.7111E-6	-284.8025E-6	3.2998E-9	42.0000E+0	7.9399E-6	268.6064E-6	
146.3807E-6	-146.4697E-6	3.4193E-9	43.0000E+0	4.0314E-6	138.6012E-6		292.8794E-6	-292.9705E-6	3.2922E-9	43.0000E+0	8.1683E-6	278.1780E-6	
150.4446E-6	-150.5335E-6	3.4623E-9	44.0000E+0	4.0638E-6	143.4215E-6		301.0016E-6	-301.0932E-6	3.4874E-9	44.0000E+0	8.1221E-6	287.7495E-6	
154.5702E-6	-154.6607E-6	3.4930E-9	45.0000E+0	4.1256E-6	148.2419E-6		309.3236E-6	-309.4142E-6	3.6222E-9	45.0000E+0	8.3220E-6	297.3211E-6	
158.8085E-6	-158.8988E-6	3.5887E-9	46.0000E+0	4.2382E-6	153.0622E-6		317.4364E-6	-317.5283E-6	3.7468E-9	46.0000E+0	8.1128E-6	306.8926E-6	
162.9747E-6	-163.0642E-6	3.7810E-9	47.0000E+0	4.1662E-6	157.8826E-6		325.7839E-6	-325.8746E-6	3.8837E-9	47.0000E+0	8.3474E-6	316.4642E-6	
167.0729E-6	-167.1622E-6	3.8962E-9	48.0000E+0	4.0981E-6	162.7029E-6		333.9751E-6	-334.0651E-6	3.9020E-9	48.0000E+0	8.1911E-6	326.0357E-6	
171.2851E-6	-171.3740E-6	4.0206E-9	49.0000E+0	4.2122E-6	167.5232E-6		342.3648E-6	-342.4555E-6	3.9611E-9	49.0000E+0	8.3897E-6	335.6073E-6	
175.4675E-6	-175.5556E-6	4.0423E-9	50.0000E+0	4.1823E-6	172.3436E-6		350.9667E-6	-351.0570E-6	3.8284E-9	50.0000E+0	8.6018E-6	345.1788E-6	
179.6041E-6	-179.6941E-6	4.1242E-9	51.0000E+0	4.1366E-6	177.1639E-6		359.5064E-6	-359.5961E-6	3.9869E-9	51.0000E+0	8.5397E-6	354.7504E-6	
183.8240E-6	-183.9137E-6	4.0801E-9	52.0000E+0	4.2198E-6	181.9843E-6		367.9438E-6	-368.0348E-6	4.1076E-9	52.0000E+0	8.4373E-6	364.3219E-6	
188.1635E-6	-188.2515E-6	4.1349E-9	53.0000E+0	4.3395E-6	186.8046E-6		376.5005E-6	-376.5902E-6	4.3517E-9	53.0000E+0	8.5566E-6	373.8935E-6	
192.4774E-6	-192.5662E-6	4.3013E-9	54.0000E+0	4.3138E-6	191.6250E-6		384.9698E-6	-385.0585E-6	4.3618E-9	54.0000E+0	8.4693E-6	383.4650E-6	
196.9242E-6	-197.0118E-6	4.4312E-9	55.0000E+0	4.4468E-6	196.4453E-6		393.5771E-6	-393.6669E-6	4.4503E-9	55.0000E+0	8.6072E-6	393.0366E-6	
196.5465E-6	-196.6358E-6	4.3447E-9	55.0000E+0	#REF	196.4453E-6		393.0509E-6	-393.1388E-6	4.3208E-9	55.0000E+0	#REF	393.0366E-6	
191.6250E-6	-191.7142E-6	4.2481E-9	54.0000E+0	4.9215E-6	191.6250E-6		383.4650E-6	-383.5541E-6	4.0661E-9	54.0000E+0	9.5858E-6	383.4650E-6	
186.9058E-6	-186.9956E-6	4.1075E-9	53.0000E+0	4.7191E-6	186.8046E-6		373.9078E-6	-373.9986E-6	3.8703E-9	53.0000E+0	9.5572E-6	373.8935E-6	
182.2054E-6	-182.2952E-6	3.8268E-9	52.0000E+0	4.7004E-6	181.9843E-6		364.7939E-6	-364.8841E-6	3.8450E-9	52.0000E+0	9.1138E-6	364.3219E-6	
177.6185E-6	-177.7086E-6	3.6982E-9	51.0000E+0	4.5868E-6	177.1639E-6		355.6978E-6	-355.7886E-6	3.8556E-9	51.0000E+0	9.0961E-6	354.7504E-6	
173.0098E-6	-173.0992E-6	3.5225E-9	50.0000E+0	4.6087E-6	172.3436E-6		346.3300E-6	-346.4218E-6	3.7922E-9	50.0000E+0	9.3677E-6	345.1788E-6	
168.5809E-6	-168.6715E-6	3.5487E-9	49.0000E+0	4.4288E-6	167.5232E-6		337.2577E-6	-337.3494E-6	3.6347E-9	49.0000E+0	9.0722E-6	335.6073E-6	
163.9966E-6	-164.0866E-6	3.5432E-9	48.0000E+0	4.5843E-6	162.7029E-6		328.1218E-6	-328.2125E-6	3.5429E-9	48.0000E+0	9.1359E-6	326.0357E-6	
159.5012E-6	-159.5913E-6	3.5004E-9	47.0000E+0	4.4953E-6	157.8826E-6		319.2486E-6	-319.3398E-6	3.3832E-9	47.0000E+0	8.8732E-6	316.4642E-6	
155.0518E-6	-155.1416E-6	3.3500E-9	46.0000E+0	4.4494E-6	153.0622E-6		310.2200E-6	-310.3093E-6	3.1892E-9	46.0000E+0	9.0286E-6	306.8926E-6	
150.6656E-6	-150.7558E-6	3.2409E-9	45.0000E+0	4.3861E-6	148.2419E-6		301.6022E-6	-301.6920E-6	3.0769E-9	45.0000E+0	8.6177E-6	297.3211E-6	
146.2698E-6	-146.3599E-6	3.0737E-9	44.0000E+0	4.3958E-6	143.4215E-6		292.8797E-6	-292.9714E-6	3.1022E-9	44.0000E+0	8.7225E-6	287.7495E-6	
142.0406E-6	-142.1315E-6	2.8663E-9	43.0000E+0	4.2292E-6	138.6012E-6		284.3537E-6	-284.4445E-6	3.0787E-9	43.0000E+0	8.5260E-6	278.1780E-6	
137.8330E-6	-137.9239E-6	2.8742E-9	42.0000E+0	4.2075E-6	133.7808E-6		275.7283E-6	-275.8204E-6	2.9967E-9	42.0000E+0	8.6254E-6	268.6064E-6	
133.5974E-6	-133.6899E-6	2.8380E-9	41.0000E+0	4.2356E-6	128.9605E-6		267.2932E-6	-267.3851E-6	2.9308E-9	41.0000E+0	8.4350E-6	259.0349E-6	
129.4276E-6	-129.5190E-6	2.8223E-9	40.0000E+0	4.1697E-6	124.1401E-6		258.7455E-6	-258.8369E-6	2.8419E-9	40.0000E+0	8.5476E-6	249.4633E-6	
125.3821E-6	-125.4737E-6	2.7579E-9	39.0000E+0	4.0455E-6	119.3198E-6		250.5283E-6	-250.6205E-6	2.6689E-9	39.0000E+0	8.2172E-6	239.8918E-6	
121.2620E-6	-121.3543E-6	2.6463E-9	38.0000E+0	4.1201E-6	114.4995E-6		242.4156E-6	-242.5083E-6	2.5144E-9	38.0000E+0	8.1126E-6	230.3202E-6	
117.1781E-6	-117.2706E-6	2.4987E-9	37.0000E+0	4.0838E-6	109.6791E-6		234.3960E-6	-234.4886E-6	2.4395E-9	37.0000E+0	8.0196E-6	220.7487E-6	
113.1913E-6	-113.2838E-6	2.4059E-9	36.0000E+0	3.9867E-6	104.8588E-6		226.3611E-6	-226.4528E-6	2.3657E-9	36.0000E+0	8.0348E-6	211.1771E-6	
109.2912E-6	-109.3836E-6	2.2409E-9	35.0000E+0	3.9000E-6	100.0384E-6		218.3731E-6	-218.4656E-6	2.2653E-9	35.0000E+0	7.9880E-6	201.6056E-6	
105.3906E-6	-105.4834E-6	2.1912E-9	34.0000E+0	3.9005E-6	95.2180E-6		210.6320E-6	-210.7250E-6	2.2792E-9	34.0000E+0	7.7410E-6	192.0340E-6	
101.5614E-6	-101.6537E-6	2.1773E-9	33.0000E+0	3.8292E-6	90.3977E-6		202.9180E-6	-203.0111E-6	2.2517E-9	33.0000E+0	7.7139E-6	182.4624E-6	
97.8747E-6	-97.9681E-6	2.1121E-9	32.0000E+0	3.6866E-6	85.5774E-6		195.2544E-6	-195.3475E-6	2.1310E-9	32.0000E+0	7.6635E-6	172.8909E-6	
94.1347E-6	-94.2276E-6	2.0275E-9	31.0000E+0	3.7399E-6	80.7570E-6		187.8267E-6	-187.9197E-6	1.9929E-9	31.0000E+0	7.4277E-6	163.3193E-6	
90.4376E-6	-90.5307E-6	1.9135E-9	30.0000E+0	3.6971E-6	75.9367E-6		180.3837E-6	-180.4775E-6	1.8658E-9	30.0000E+0	7.4430E-6	153.7478E-6	
86.8263E-6	-86.9193E-6	1.8377E-9	29.0000E+0	3.6112E-6	71.1163E-6		172.9932E-6	-173.0886E-6	1.7656E-9	29.0000E+0	7.3904E-6	144.1762E-6	
83.2973E-6	-83.3902E-6	1.7232E-9	28.0000E+0	3.5290E-6	66.2960E-6		165.9587E-6	-166.0533E-6	1.6761E-9	28.0000E+0	7.0345E-6	134.6047E-6	
79.9207E-6	-80.0136E-6	1.5529E-9	27.0000E+0	3.3765E-6	61.4756E-6		158.8910E-6	-158.9859E-6	1.5837E-9	27.0000E+0	7.0677E-6	125.0331E-6	
76.4343E-6	-76.5283E-6	1.5158E-9	26.0000E+0	3.4863E-6	56.6553E-6		151.9511E-6	-152.0473E-6	1.5819E-9	26.0000E+0	6.9398E-6	115.4616E-6	
73.0281E-6	-73.1212E-6	1.5070E-9	25.0000E+0	3.4062E-6	51.8349E-6		145.2170E-6	-145.3122E-6	1.5028E-9	25.0000E+0	6.7340E-6	105.8900E-6	
69.6720E-6	-69.7656E-6	1.4433E-9	24.0000E+0	3.3560E-6	47.0146E-6		138.4271E-6	-138.5222E-6	1.4639E-9	24.0000E+0	6.7898E-6	96.3184E-6	
66.4275E-6	-66.5207E-6	1.3497E-9	23.0000E+0	3.2444E-6	42.1943E-6		131.8483E-6	-131.9438E-6	1.3515E-9	23.0000E+0	6.5787E-6	86.7469E-6	
63.1691E-6	-63.2632E-6	1.2807E-9	22.0000E+0	3.2584E-6	37.3739E-6		125.3371E-6	-125.4331E-6	1.2572E-9	22.0000E+0	6.5112E-6	77.1753E-6	
60.0123E-6	-60.1053E-6	1.1926E-9	21.0000E+0	3.1568E-6	32.5536E-6		119.0534E-6	-119.1500E-6	1.1634E-9	21.0000E+0	6.2836E-6	67.6038E-6	
56.9306E-6	-57.0242E-6	1.0809E-9	20.0000E+0	3.0816E-6	27.7332E-6		112.8228E-6	-112.9197E-6	1.0283E-9	20.0000E+0	6.2306E-6	58.0322E-6	
53.9747E-6	-54.0686E-6	978.9299E-12	19.0000E+0	2.9558E-6	22.9129E-6		106.6855E-6	-106.7826E-6	938.0968E-12	19.0000E+0	6.1372E-6	48.4607E-6	
51.0334E-6	-51.1282E-6	883.4675E-12	18.0000E+0	2.9412E-6	18.0925E-6		100.7733E-6	-100.8708E-6	870.0250E-12	18.0000E+0	5.9122E-6	38.8891E-6	
48.0876E-6	-48.1826E-6	835.7616E-12	17.0000E+0	2.9457E-6	13.2722E-6		95.0228E-6	-95.1201E-6	811.6054E-12	17.0000E+0	5.7504E-6	29.3176E-6	
45.2739E-6	-45.3697E-6	797.7586E-12	16.0000E+0	2.8137E-6	8.4518E-6		89.2758E-6	-89.3727E-6	797.9101E-12	16.0000E+0	5.7469E-6	19.7460E-6	
42.5016E-6	-42.5978E-6	727.7662E-12	15.0000E+0	2.7722E-6	3.6315E-6		83.6947E-6	-83.7921E-6	731.1522E-12	15.0000E+0	5.5811E-6	10.1745E-6	
39.9069E-6	-39.9149E-6	715.4859E-12	14.0000E+0	2.5946E-6	-1.1887E-6		78.2599E-6	-78.3583E-6	635.0327E-12	14.0000E+0	5.4348E-6	602.9732E-9	
37.2428E-6	-37.2509E-6	611.6851E-12	13.0000E+0	2.6641E-6	-6.0091E-6		72.9774E-6	-73.0751E-6	539.1660E-12	13.0000E+0	5.2825E-6	-8.9685E-6	
34.6922E-6	-34.7004E-6	519.1032E-12	12.0000E+0	2.5505E-6	-10.8294E-6		67.8891E-6	-67.9880E-6	453.5581E-12	12.0000E+0	5.0882E-6	-18.5401E-6	
32.1457E-6	-32.1539E-6	435.4662E-12	11.0000E+0	2.5465E-6	-15.6498E-6		62.8644E-6	-62.9627E-6	363.5535E-12	11.0000E+0	5.0246E-6	-28.1116E-6	
29.7327E-6	-29.7411E-6	323.1247E-12	10.0000E+0	2.4129E-6	-20.4701E-6		58.0406E-6	-58.1396E-6	293.9149E-12	10.0000E+0	4.8238E-6	-37.6832E-6	
27.3739E-6	-27.3822E-6	256.0130E-12	9.0000E+0	2.3588E-6	-25.2905E-6		53.3594E-6	-53.4585E-6	224.9838E-12	9.0000E+0	4.6812E-6	-47.2547E-6	
25.0945E-6	-25.1029E-6	176.1156E-12	8.0000E+0	2.2793E-6	-30.1108E-6		48.7298E-6	-48.8276E-6	160.8032E-12	8.0000E+0	4.6295E-6	-56.8263E-6	
22.9053E-6	-22.9138E-6	102.3836E-12	7.0000E+0	2.1892E-6	-34.9312E-6		44.4380E-6	-44.5364E-6	109.2059E-12	7.0000E+0	4.2918E-6	-66.3978E-6	
20.8097E-6	-20.8181E-6	13.8445E-12	6.0000E+0	2.0956E-6	-39.7515E-6		40.2705E-6	-40.3700E-6	35.2213E-12	6.0000E+0	4.1675E-6	-75.9694E-6	
18.7753E-6	-18.7838E-6	-45.4340E-12	5.0000E+0	2.0343E-6	-44.5718E-6		36.4405E-6	-36.4491E-6	21.2228E-12	5.0000E+0	3.8299E-6	-85.5409E-6	
16.8678E-6	-16.8765E-6	-118.0037E-12	4.0000E+0	1.9074E-6	-49.3922E-6		32.6375E-6	-32.6462E-6	-89.4509E-12	4.0000E+0	3.8030E-6	-95.1125E-6	
15.0366E-6	-15.0455E-6	-179.7587E-12	3.0000E+0	1.8311E-6	-54.2125E-6		29.0251E-6	-29.0337E-6	-182.5887E-12	3.0000E+0	3.6123E-6	-104.6841E-6	
13.3193E-6	-13.3282E-6	-255.9669E-12	2.0000E+0	1.7173E-6	-59.0329E-6		25.7005E-6	-25.7092E-6	-250.3069E-12	2.0000E+0	3.3246E-6	-114.2556E-6	
11.7219E-6	-11.7311E-6	-324.6424E-12	1.0000E+0	1.5973E-6	-63.8532E-6		22.6166E-6	-22.6254E-6	-324.0360E-12	1.0000E+0	3.0838E-6	-123.8272E-6	
10.2759E-6	-10.2852E-6	-399.1287E-12	000.0000E-3	1.4460E-6	-68.6736E-6		19.8324E-6	-19.8414E-6	-394.0754E-12	000.0000E-3	2.7841E-6	-133.3987E-6	
8.9827E-6	-8.9918E-6	-477.0007E-12	-1.0000E+0	1.2932E-6	-73.4939E-6		17.3438E-6	-17.3529E-6	-446.9333E-12	-1.0000E+0	2.4885E-6	-142.9703E-6	
7.8088E-6	-7.8180E-6	-529.9092E-12	-2.0000E+0	1.1738E-6	-78.3142E-6		15.1112E-6	-15.1204E-6	-538.0451E-12	-2.0000E+0	2.2326E-6	-152.5418E-6	
6.7981E-6	-6.8075E-6	-584.7886E-12	-3.0000E+0	1.0107E-6	-83.1346E-6		13.1485E-6	-13.1577E-6	-616.5741E-12	-3.0000E+0	1.9627E-6	-162.1134E-6	
5.9104E-6	-5.9198E-6	-627.1356E-12	-4.0000E+0	887.6532E-9	-87.9549E-6		11.4468E-6	-11.4561E-6	-678.9829E-12	-4.0000E+0	1.7016E-6	-171.6850E-6	
5.1325E-6	-5.1419E-6	-728.6573E-12	-5.0000E+0	777.8622E-9	-92.7753E-6		9.9776E-6	-9.9870E-6	-753.4187E-12	-5.0000E+0	1.4691E-6	-181.2565E-6	
4.4474E-6	-4.4568E-6	-781.8184E-12	-6.0000E+0	685.0923E-9	-97.5956E-6		8.6577E-6	-8.6672E-6	-832.6046E-12	-6.0000E+0	1.3199E-6	-190.8281E-6	
3.8866E-6	-3.8877E-6	-796.9280E-12	-7.0000E+0	560.8431E-9	-102.4160E-6		7.4911E-6	-7.5008E-6	-867.1694E-12	-7.0000E+0	1.1666E-6	-200.3996E-6	
3.3430E-6	-3.3441E-6	-889.5558E-12	-8.0000E+0	543.6182E-9	-107.2364E-6		6.4643E-6	-6.4741E-6	-933.9240E-12	-8.0000E+0	1.0267E-6	-209.9712E-6	
2.8789E-6	-2.8800E-6	-991.0774E-12	-9.0000E+0	464.1299E-9	-112.0567E-6		5.5715E-6	-5.5813E-6	-994.7158E-12	-9.0000E+0	892.7655E-9	-219.5427E-6	
2.4575E-6	-2.4585E-6	-1.0802E-9	-10.0000E+0	421.3859E-9	-116.8770E-6		4.7581E-6	-4.7679E-6	-1.0618E-9	-10.0000E+0	813.4639E-9	-229.1143E-6	
2.0898E-6	-2.0908E-6	-1.1474E-9	-11.0000E+0	367.7158E-9	-121.6974E-6		4.0490E-6	-4.0589E-6	-1.1660E-9	-11.0000E+0	709.0798E-9	-238.6858E-6	
1.7645E-6	-1.7656E-6	-1.2128E-9	-12.0000E+0	325.2380E-9	-126.5177E-6		3.4678E-6	-3.4689E-6	-1.1315E-9	-12.0000E+0	581.1878E-9	-248.2574E-6	
1.4863E-6	-1.4873E-6	-1.2521E-9	-13.0000E+0	278.2444E-9	-131.3381E-6		2.8943E-6	-2.8955E-6	-1.2563E-9	-13.0000E+0	573.4926E-9	-257.8289E-6	
1.2342E-6	-1.2353E-6	-1.3212E-9	-14.0000E+0	252.0860E-9	-136.1584E-6		2.4031E-6	-2.4043E-6	-1.3843E-9	-14.0000E+0	491.1540E-9	-267.4005E-6	
1.0180E-6	-1.0192E-6	-1.4048E-9	-15.0000E+0	216.1669E-9	-140.9788E-6		1.9767E-6	-1.9778E-6	-1.4598E-9	-15.0000E+0	426.4552E-9	-276.9720E-6	
827.7648E-9	-828.9123E-9	-1.5380E-9	-16.0000E+0	190.3011E-9	-145.7991E-6		1.6193E-6	-1.6205E-6	-1.5278E-9	-16.0000E+0	357.3500E-9	-286.5436E-6	
667.8899E-9	-669.0761E-9	-1.6101E-9	-17.0000E+0	159.8748E-9	-150.6194E-6		1.3058E-6	-1.3070E-6	-1.6014E-9	-17.0000E+0	313.5468E-9	-296.1151E-6	
534.6034E-9	-535.7887E-9	-1.6896E-9	-18.0000E+0	133.2866E-9	-155.4398E-6		1.0386E-6	-1.0399E-6	-1.6205E-9	-18.0000E+0	267.1607E-9	-305.6867E-6	
422.5726E-9	-423.7245E-9	-1.7472E-9	-19.0000E+0	112.0307E-9	-160.2601E-6		820.6202E-9	-821.9419E-9	-1.6731E-9	-19.0000E+0	218.0644E-9	-315.2582E-6	
334.8771E-9	-334.9174E-9	-1.7152E-9	-20.0000E+0	87.6955E-9	-165.0805E-6		642.8371E-9	-644.2274E-9	-1.7598E-9	-20.0000E+0	177.7832E-9	-324.8298E-6	
